OTU_ID	700014409	700014515	700014609	700014731	700014785	700014911	700014971	700015070	700015131	700015197	700015263	700015428	700015442	700015639	700015720	700015863	700015940	700015997	700016038	700016125	700016301	700016346	700016379	700016462	700016548	700016626	700016698	700016782	700016908	700016978	700106399	700106496	700106554	700106933	700106987	700107046	700107195	700107381	700107495	700107552	700107765	700107822	700107879	700107936	700107999	700108101	700108167	700108224	700108290	700108479	700108536	700108602	700108788	700108845	700108902	700108960	700109113	700109179	700109236	700109323
OTU_97.101	0	7	1	0	2	0	4	0	10	6	1	5	0	1	0	0	0	0	0	0	0	0	0	0	0	2	4	2	3	0	0	4	0	0	0	1	0	1	1	21	0	0	1	9	1	0	0	0	0	0	0	37	0	0	25	0	0	3	0	1
OTU_97.10201	2	0	1	1	0	0	25	0	12	1	0	6	0	11	0	0	0	0	36	44	6	15	0	0	1	41	0	0	0	0	0	0	9	1	1	0	4	0	0	0	0	0	0	0	0	0	0	0	2	1	0	0	0	0	0	0	0	0	0	0
OTU_97.10220	0	0	5	0	3	2	6	3	45	0	0	5	0	4	0	0	2	0	1	1	6	0	1	2	2	0	0	2	1	0	1	2	3	0	0	0	0	0	1	6	1	0	0	0	0	2	1	3	0	1	0	0	0	3	1	0	0	0	0	0
OTU_97.10463	0	42	7	3	1	6	1	6	3	14	1	3	0	12	0	9	0	0	19	10	0	4	21	9	1	45	14	3	0	1	0	10	0	0	39	0	0	12	0	6	0	0	17	3	0	4	3	0	0	0	0	1	0	3	5	1	0	21	0	0
OTU_97.10494	2	3	1	9	0	0	0	0	0	3	4	0	0	2	5	0	1	2	30	0	0	0	21	0	4	0	0	0	1	0	0	0	2	14	0	4	0	0	0	0	0	0	4	0	0	0	6	1	0	0	10	0	0	0	5	0	0	14	0	0
OTU_97.10497	0	0	0	1	0	0	7	0	17	0	0	0	0	10	0	0	1	0	6	30	10	0	0	1	0	0	1	1	0	2	19	0	2	1	0	0	0	0	0	0	2	0	0	0	0	0	1	1	0	0	10	0	0	0	0	0	0	0	3	0
OTU_97.10499	39	1	3	10	5	2	11	1	76	1	1	6	0	25	0	0	3	10	18	49	29	2	6	1	9	1	4	10	3	4	35	1	46	12	0	0	0	7	6	8	39	0	3	1	0	3	9	6	0	0	10	0	0	4	1	0	0	1	0	0
OTU_97.10517	0	0	6	0	1	0	0	0	0	0	0	0	0	2	0	6	0	0	0	0	0	0	3	0	1	0	0	0	5	4	0	0	0	0	0	7	0	0	0	30	0	0	0	0	10	0	0	0	1	0	1	3	0	0	21	4	1	0	0	7
OTU_97.107	0	3	2	0	6	6	0	0	19	3	0	3	0	0	0	3	0	0	0	0	0	0	11	0	0	0	0	4	0	0	0	5	0	0	0	5	0	1	0	11	0	0	3	5	0	1	0	0	0	0	0	1	1	0	16	0	0	3	0	0
OTU_97.10977	0	0	0	1	1	0	10	0	1	0	2	1	6	25	0	0	0	0	23	19	13	2	4	0	0	0	0	0	0	0	0	0	0	1	3	0	0	0	2	0	0	0	0	0	2	1	1	3	0	0	0	0	0	0	2	0	0	1	1	0
OTU_97.11121	3	1	0	0	1	2	6	4	2	0	8	0	1	79	117	0	7	11	31	2	19	0	0	7	0	0	0	0	2	5	7	0	7	4	2	0	0	0	1	5	1	0	1	1	0	0	0	40	0	0	7	0	0	0	0	0	0	0	0	0
OTU_97.11156	19	7	17	0	13	9	6	4	6	16	5	2	1	3	3	0	1	11	32	11	4	8	49	0	2	6	10	14	1	23	3	2	2	7	1	0	0	185	61	0	10	0	1	1	3	3	8	2	0	0	9	1	0	5	0	1	3	1	0	0
OTU_97.11249	3	18	2	0	9	4	11	4	3	5	1	6	0	11	0	0	3	3	1	0	13	6	16	4	1	3	1	12	1	1	17	0	3	0	0	0	0	3	2	10	0	0	11	1	3	2	6	5	0	2	1	0	0	7	3	0	0	4	0	0
OTU_97.11365	9	2	0	1	1	5	2	2	3	0	5	1	1	15	0	0	0	2	4	10	1	5	0	14	2	7	0	5	5	0	0	0	0	1	0	2	4	8	0	8	6	0	1	2	3	1	5	0	0	1	1	6	0	7	1	0	0	3	0	0
OTU_97.115	10	0	1	1	1	2	1	6	16	0	0	9	6	4	0	0	7	2	1	2	2	1	2	0	5	2	3	10	2	1	29	0	3	1	0	0	0	0	6	4	6	0	0	3	0	3	1	1	0	1	6	1	0	0	0	0	0	0	0	0
OTU_97.11510	59	9	6	18	0	21	1	6	15	2	6	23	3	165	0	0	2	4	12	27	2	5	2	46	0	7	0	1	6	0	0	0	0	0	4	0	0	1	0	10	0	0	4	9	0	1	2	4	0	0	0	13	0	2	0	0	0	20	0	0
OTU_97.11656	2	0	0	0	1	0	23	2	12	0	0	0	1	7	0	0	4	0	2	16	15	0	1	1	0	1	0	0	2	1	10	0	2	0	0	0	0	0	4	0	9	0	0	0	0	1	2	7	0	0	21	0	0	8	0	0	0	0	1	0
OTU_97.117	0	0	0	0	0	1	0	40	0	0	0	0	0	0	0	0	0	0	0	0	0	0	0	0	0	0	0	0	0	4	0	0	29	0	0	0	0	0	1	0	14	0	1	0	0	0	7	19	128	0	2	0	0	0	0	0	0	0	0	0
OTU_97.11744	0	0	0	13	2	1	4	0	13	0	2	3	9	19	0	0	0	3	18	11	21	1	1	3	0	1	0	0	0	0	8	0	0	0	8	0	0	0	0	2	3	0	0	0	3	6	1	3	2	0	3	0	0	0	0	0	0	0	5	0
OTU_97.11765	0	0	1	5	0	0	0	0	7	0	4	0	1	0	0	0	0	12	0	4	18	0	15	0	0	8	0	0	0	0	2	0	13	6	1	0	0	0	0	0	0	0	0	0	1	17	0	14	1	0	0	0	1	0	0	0	0	0	1	0
OTU_97.1185	0	0	0	0	0	0	0	0	1	0	0	0	0	0	0	0	0	0	0	0	0	0	0	0	0	0	0	0	0	0	0	114	0	0	0	0	0	0	1	0	0	0	0	0	0	0	203	0	0	0	0	0	0	0	0	0	0	0	0	0
OTU_97.11855	4	23	3	0	25	5	26	10	8	7	5	9	0	17	0	0	0	0	2	6	11	9	37	18	5	6	4	19	4	4	20	5	0	2	7	1	1	6	6	14	2	1	19	2	2	5	9	1	5	3	0	0	2	15	4	0	0	3	1	0
OTU_97.1189	0	29	9	1	11	5	2	11	2	5	0	5	0	1	0	1	0	0	5	18	1	2	6	1	0	23	6	3	0	1	0	5	0	0	27	0	0	7	1	5	1	0	2	9	3	1	1	0	1	3	0	4	0	1	6	3	0	9	0	0
OTU_97.119	6	0	0	0	0	0	0	0	1	0	0	0	5	0	85	0	0	0	0	1	0	0	0	0	0	0	0	0	0	1	0	0	0	0	0	0	0	0	1	0	0	0	0	0	0	0	0	1	0	0	0	1	0	0	0	0	0	0	0	0
OTU_97.11988	61	0	106	2	0	0	0	4	0	3	8	0	0	6	2	0	2	1	22	10	11	45	0	30	0	10	0	0	0	0	0	1	0	42	1	0	0	58	14	0	2	0	3	17	0	1	1	21	0	0	1	1	0	0	0	0	0	0	0	0
OTU_97.12077	0	0	10	0	4	0	0	0	0	1	4	0	0	1	0	0	0	0	0	0	0	0	6	0	0	0	3	2	0	0	0	0	0	0	4	31	0	0	0	60	0	0	0	0	11	1	0	0	2	0	1	18	0	0	31	5	1	0	0	10
OTU_97.1225	53	20	30	5	7	6	5	4	9	11	8	0	0	6	8	0	2	12	71	44	8	36	33	8	1	4	3	5	9	4	1	5	4	7	4	3	0	41	14	26	7	0	5	25	1	13	8	12	0	1	9	22	0	11	26	2	1	4	0	1
OTU_97.12297	16	0	0	14	0	2	4	1	1	0	4	1	2	1	3	0	3	18	12	4	13	2	0	16	0	0	0	2	1	2	0	0	0	0	1	0	1	1	0	0	6	0	0	1	0	0	1	3	0	2	1	5	0	1	3	1	4	1	1	0
OTU_97.12439	0	0	0	14	0	0	5	0	15	0	0	0	35	1	0	0	0	0	6	4	10	2	0	0	3	1	0	0	0	0	127	0	26	11	2	0	0	1	2	0	0	0	0	0	0	0	0	2	0	0	0	0	0	0	0	0	0	0	0	0
OTU_97.12802	1	0	0	0	0	0	2	0	0	0	5	0	2	66	12	0	1	5	29	2	6	1	0	1	0	0	0	0	0	0	1	0	3	4	1	0	0	1	0	1	0	0	0	0	0	0	0	17	0	0	3	0	0	0	0	0	0	0	0	0
OTU_97.1321	28	0	2	4	1	1	19	1	26	1	0	10	1	26	0	0	0	2	2	30	6	5	3	15	7	30	0	2	4	0	7	0	3	3	4	0	0	1	2	0	6	0	1	1	0	1	1	31	0	0	10	0	0	1	0	0	1	5	0	0
OTU_97.13391	0	0	1	0	1	0	1	0	3	6	0	0	0	1	0	0	0	0	0	0	0	2	0	0	0	4	1	4	0	0	0	9	0	0	0	11	0	5	5	14	1	0	10	5	1	6	1	1	0	0	1	8	1	3	19	0	0	1	0	0
OTU_97.1343	14	5	9	4	4	3	2	3	3	8	0	1	1	8	3	0	1	1	19	14	2	11	7	1	0	3	0	0	0	0	0	1	1	0	0	0	0	4	2	1	1	0	1	2	4	3	2	1	0	1	1	0	0	1	4	0	1	1	0	0
OTU_97.14058	0	3	7	0	4	0	1	0	0	2	3	0	0	0	0	0	0	0	0	0	0	0	118	0	0	0	0	0	0	2	0	0	0	0	0	1	0	0	1	0	0	0	0	0	0	0	0	0	0	0	0	0	0	0	0	0	45	0	2	0
OTU_97.14186	2	0	0	1	0	0	22	1	9	1	1	9	0	7	0	0	2	1	59	88	7	20	0	1	0	29	3	2	0	0	0	0	3	0	0	0	0	0	0	1	0	0	0	0	0	0	0	0	0	0	0	0	0	0	0	0	0	0	0	0
OTU_97.14368	3	0	0	6	0	0	28	1	12	0	0	0	0	2	0	0	0	2	1	9	25	0	0	0	4	3	0	0	0	0	0	0	1	0	0	0	0	0	0	0	1	0	0	0	0	1	0	2	0	0	3	0	0	1	0	0	0	2	0	0
OTU_97.145	0	0	1	0	4	2	1	0	15	1	0	4	0	3	0	0	0	1	0	9	9	0	12	2	1	0	8	5	2	0	0	2	0	0	0	1	0	2	6	3	1	0	3	1	1	6	4	4	4	1	0	4	0	1	0	0	0	11	0	0
OTU_97.14680	0	3	1	0	0	0	3	1	7	4	0	0	0	0	0	0	0	0	0	1	1	0	0	1	0	4	0	2	0	0	0	7	0	1	0	3	0	3	1	11	0	0	4	12	0	2	1	1	0	0	0	33	1	2	30	0	0	1	0	0
OTU_97.14804	0	0	42	0	7	0	0	0	0	2	7	0	0	39	0	1	0	0	0	0	0	0	17	0	2	0	23	0	7	2	0	2	0	0	13	11	0	0	0	119	0	0	0	0	4	4	0	0	1	0	7	22	0	0	70	5	1	1	0	15
OTU_97.14837	84	0	8	6	0	5	5	3	16	4	0	8	0	49	0	0	0	5	22	18	3	2	5	24	8	29	1	2	12	3	30	0	0	10	6	0	0	2	5	3	10	0	1	0	0	6	0	9	0	0	6	0	0	5	2	0	0	26	0	0
OTU_97.14982	3	1	0	1	0	0	1	0	10	0	0	6	0	5	0	0	2	1	7	16	5	0	3	0	4	1	0	0	0	0	13	0	8	3	2	0	0	0	3	0	6	0	1	0	0	0	0	13	1	0	2	0	0	0	0	0	0	0	0	0
OTU_97.153	0	3	1	0	1	0	4	2	19	2	0	5	0	13	0	0	1	2	0	23	11	3	2	2	1	3	1	2	0	0	0	3	5	2	1	0	0	2	2	0	4	0	1	0	0	8	0	2	0	0	1	3	0	1	0	0	0	0	0	0
OTU_97.15438	0	5	19	0	2	6	0	5	1	4	4	0	2	4	0	0	0	0	8	3	0	3	0	0	0	7	3	4	5	0	0	0	0	3	1	2	0	3	4	1	0	2	2	2	0	2	2	0	1	0	0	6	0	3	5	0	0	0	0	0
OTU_97.15508	18	7	0	0	16	1	0	0	1	1	2	2	12	0	0	0	0	0	0	2	0	0	0	0	0	5	0	0	0	0	1	24	0	0	0	1	0	0	2	0	0	0	0	4	0	2	0	4	0	0	0	0	0	0	53	0	0	10	0	0
OTU_97.15634	2	20	1	2	16	3	22	4	7	8	1	10	0	43	0	2	1	1	1	10	5	12	32	15	0	25	5	12	2	4	22	2	4	0	12	2	0	6	15	9	0	0	8	9	0	1	7	2	3	0	0	5	0	12	2	0	1	4	0	0
OTU_97.15796	5	1	3	0	1	6	4	1	30	0	0	10	2	30	0	1	0	0	2	7	7	3	3	1	2	2	1	9	4	1	0	3	0	2	1	1	0	1	0	0	5	0	0	0	0	2	0	1	0	0	0	0	0	0	1	0	0	4	0	0
OTU_97.1580	0	0	0	3	1	0	4	0	16	0	0	2	24	2	0	0	0	0	15	11	3	2	2	0	4	0	1	0	4	0	15	0	4	0	0	0	0	2	0	0	0	0	1	0	0	1	0	9	0	0	5	0	0	0	0	0	0	1	0	0
OTU_97.15809	0	2	0	0	5	1	0	0	3	1	2	2	1	0	0	0	0	0	0	0	1	3	4	0	0	7	4	21	0	6	0	0	2	0	4	3	1	1	10	4	0	0	6	2	0	0	0	1	2	0	0	2	1	0	3	0	0	6	0	0
OTU_97.16	0	2	2	7	2	0	0	0	85	0	1	1	0	2	0	0	0	8	0	1	6	0	9	1	2	1	3	0	0	0	0	1	17	4	2	0	2	0	0	0	0	0	0	0	1	16	0	7	0	4	0	0	0	2	0	0	4	2	1	1
OTU_97.16340	332	0	131	0	0	7	1	10	3	35	52	0	5	179	9	0	2	1	119	11	23	18	1	29	0	12	1	0	3	0	1	0	0	36	13	0	0	48	15	0	1	0	1	4	0	0	6	29	0	0	0	4	0	0	0	0	0	1	0	0
OTU_97.16860	2	0	34	3	0	4	0	72	0	5	1	0	1	11	2	0	3	1	14	4	1	5	25	0	0	0	0	0	1	2	1	0	2	0	7	0	0	0	1	3	0	0	0	0	0	0	0	55	0	0	0	0	0	0	0	0	0	0	0	0
OTU_97.16989	0	91	1	3	11	17	1	15	3	5	0	13	0	14	0	3	0	0	1	6	1	7	52	15	0	40	11	13	0	3	0	18	0	0	151	1	1	40	6	8	1	0	23	8	1	2	9	0	1	3	0	6	0	0	4	1	0	12	0	0
OTU_97.1704	31	16	45	20	12	43	3	11	12	10	10	7	4	35	24	2	5	25	29	20	11	17	10	4	1	3	0	1	4	4	15	11	4	19	6	1	2	31	11	4	8	0	4	3	6	1	3	13	0	2	10	4	1	3	6	5	4	9	1	2
OTU_97.1705	2	0	0	1	0	0	3	0	11	0	0	0	2	5	0	0	1	0	0	4	8	0	0	0	8	2	0	0	0	0	16	0	27	0	1	0	0	0	1	0	0	0	0	0	0	0	0	10	0	0	1	0	0	1	0	0	0	1	0	0
OTU_97.17178	7	0	0	0	0	2	0	3	1	0	0	3	2	1	0	0	0	0	0	2	3	0	0	0	2	0	0	0	1	1	58	0	7	5	0	0	0	0	1	1	0	0	0	0	0	0	0	3	0	0	1	0	0	1	0	0	0	0	0	0
OTU_97.17317	31	14	14	5	13	29	11	4	6	8	17	6	5	7	19	6	3	17	35	36	10	42	15	7	6	6	0	0	19	7	9	19	17	39	6	0	6	75	35	2	8	7	1	2	9	4	4	61	3	0	1	3	1	2	5	5	7	52	1	3
OTU_97.1736	11	5	6	1	0	0	4	0	1	1	8	0	0	3	0	0	0	9	25	18	6	19	4	1	0	1	0	0	0	1	0	1	0	0	0	4	1	5	1	9	1	0	0	9	12	0	1	1	0	1	0	10	0	0	15	0	3	1	0	0
OTU_97.17606	8	11	27	2	5	58	1	10	1	5	0	46	4	17	0	0	0	2	11	2	5	12	12	1	2	2	1	1	5	0	0	0	0	9	3	2	0	100	46	5	1	1	9	37	0	23	18	4	0	0	2	12	0	2	6	1	0	12	0	0
OTU_97.1763	0	10	5	0	6	1	1	0	26	14	0	6	0	0	0	0	0	0	0	0	0	1	0	2	0	3	3	12	0	3	0	4	0	0	1	2	0	4	1	17	0	0	2	8	0	3	0	0	0	0	0	8	0	1	18	0	0	3	0	0
OTU_97.17888	0	0	1	5	0	0	4	0	8	0	0	0	7	1	0	0	2	0	0	1	16	1	0	37	2	0	1	3	0	0	16	0	0	4	0	0	0	0	1	0	0	0	0	0	0	0	0	8	0	0	0	0	0	0	0	0	0	4	19	0
OTU_97.1791	0	25	5	2	6	10	0	5	0	4	0	1	0	4	0	6	0	0	4	30	1	2	10	4	0	23	12	10	0	2	0	6	1	0	21	0	0	11	4	3	0	0	5	12	4	2	1	0	0	0	0	4	4	2	7	1	0	24	0	0
OTU_97.1801	33	9	17	5	0	5	2	0	2	5	18	0	1	9	2	0	7	10	71	32	8	36	9	7	5	10	0	0	6	0	5	11	8	16	7	0	0	12	6	1	3	0	2	2	3	2	3	6	0	0	1	2	0	3	3	0	0	5	0	0
OTU_97.18379	30	68	103	20	4	22	0	0	9	13	2	16	1	148	0	1	1	3	55	18	2	21	31	29	0	29	5	8	6	0	0	0	1	7	19	0	0	59	27	2	0	0	10	50	0	22	13	5	0	0	4	12	0	2	8	0	0	24	0	0
OTU_97.18577	0	5	1	5	2	1	9	5	16	0	0	7	0	5	1	0	1	1	2	17	5	0	0	4	0	2	0	2	2	0	0	5	3	0	1	1	0	0	3	1	8	0	0	1	5	2	1	6	7	0	0	0	4	6	1	0	15	53	1	1
OTU_97.18619	0	9	2	0	4	0	11	1	3	2	0	3	0	3	0	2	0	0	0	2	10	5	10	5	0	4	1	3	0	4	10	1	1	1	3	2	0	0	0	6	0	0	2	2	0	1	0	0	1	2	0	2	0	3	4	0	0	0	0	0
OTU_97.1884	0	1	0	5	3	0	8	0	26	0	1	0	13	3	0	0	1	3	20	11	7	0	1	10	1	2	0	7	0	0	23	0	2	1	2	0	0	2	0	1	2	0	0	0	0	4	0	33	0	0	6	4	0	0	0	0	0	3	1	0
OTU_97.191	0	0	0	0	0	0	0	0	0	0	0	0	0	0	0	0	0	0	12	0	89	0	0	0	0	0	0	0	0	0	0	0	0	0	0	0	0	0	0	0	0	0	0	0	0	0	0	0	0	0	0	0	0	0	0	0	0	0	0	0
OTU_97.19778	0	43	5	9	20	10	0	4	27	5	8	18	7	9	0	2	0	0	1	0	2	17	22	1	3	60	1	8	0	6	0	0	4	0	34	2	1	3	25	4	0	0	41	3	2	7	2	3	3	0	0	3	1	6	3	0	2	28	12	0
OTU_97.19813	2	3	3	0	5	7	2	1	21	0	0	6	0	16	0	0	0	1	1	0	0	0	2	1	0	9	0	5	0	0	0	0	1	0	1	1	0	2	1	3	6	0	1	2	2	2	5	0	2	1	0	1	0	1	1	0	0	6	0	0
OTU_97.1982	0	6	0	1	16	5	0	2	18	1	1	5	2	3	0	0	0	0	2	0	1	12	7	0	0	13	3	4	0	6	0	0	0	0	12	0	0	3	17	1	0	0	10	1	4	2	1	0	0	1	0	2	2	3	1	0	0	7	3	0
OTU_97.19918	10	0	0	0	0	2	8	1	1	0	16	0	3	358	70	0	1	8	63	1	20	1	0	7	0	0	0	0	0	1	3	0	4	0	5	0	0	0	0	6	0	0	0	0	0	0	0	14	0	0	12	0	0	0	0	0	0	0	0	0
OTU_97.20	721	187	333	116	23	186	30	76	54	100	70	97	33	265	177	2	40	70	849	425	53	220	252	108	5	108	1	8	21	25	13	21	12	37	55	8	3	349	122	42	43	0	17	52	6	34	34	48	1	4	30	40	0	46	88	8	5	63	0	2
OTU_97.20253	0	0	1	37	12	0	17	0	42	6	2	8	22	38	1	0	0	48	28	52	43	0	2	2	5	6	1	7	1	0	108	1	14	4	3	0	0	0	6	3	3	0	1	2	1	2	6	8	6	0	74	1	6	2	1	0	0	3	7	0
OTU_97.20271	13	0	0	0	0	1	2	1	6	0	0	2	0	17	0	0	0	0	2	2	1	0	1	11	1	2	0	3	3	3	12	1	0	1	0	1	0	2	1	1	3	0	0	0	0	1	1	1	0	0	2	0	0	3	0	0	0	4	0	0
OTU_97.2109	0	0	0	0	0	0	0	0	0	0	0	0	0	0	0	0	0	0	0	0	0	0	0	0	0	0	0	0	0	0	0	53	0	0	0	0	0	0	1	0	0	0	0	0	0	0	140	0	0	0	0	0	0	0	0	0	0	0	0	0
OTU_97.2113	12	6	12	3	8	6	4	2	2	3	8	3	1	10	7	0	2	18	27	17	8	24	17	0	8	5	0	1	10	2	0	0	0	2	0	0	0	9	4	1	6	0	1	0	1	3	6	5	0	0	2	0	0	7	1	0	0	4	0	0
OTU_97.21154	2	21	4	1	6	1	0	0	3	2	7	1	0	18	0	1	0	6	28	1	1	9	12	7	0	12	0	3	0	5	0	10	0	1	6	8	0	3	6	3	0	0	14	7	1	2	3	2	0	1	0	4	0	0	5	0	2	6	0	0
OTU_97.21206	0	0	0	12	4	0	3	0	24	1	0	0	8	6	0	0	1	12	4	19	26	3	0	0	2	0	1	2	5	1	32	0	2	0	0	0	0	0	0	0	2	0	1	0	1	2	0	0	0	0	26	0	1	1	0	0	0	0	2	0
OTU_97.213	31	12	23	3	12	27	10	4	6	16	10	4	1	11	9	2	6	21	36	20	11	51	34	4	12	5	1	4	2	16	15	12	7	20	1	2	2	62	21	17	10	2	4	11	5	17	5	7	1	2	8	6	0	7	26	2	1	1	0	2
OTU_97.2131	0	3	0	0	0	1	0	0	0	1	2	1	0	2	0	3	0	0	0	0	0	0	0	0	0	0	0	0	0	0	0	66	15	19	0	0	0	0	0	0	0	0	0	0	0	0	0	0	0	0	0	0	0	0	0	0	0	0	0	0
OTU_97.21390	2	2	0	0	3	3	0	1	10	0	1	7	0	0	0	0	0	0	0	3	0	0	2	0	0	0	1	28	0	1	0	0	3	1	0	2	0	2	2	8	3	0	2	7	1	0	2	0	1	0	0	1	1	2	5	0	0	0	0	0
OTU_97.21560	49	0	2	19	0	1	0	1	4	1	1	4	9	5	1	0	2	2	10	1	21	3	6	2	0	0	0	1	3	2	0	0	2	3	6	0	0	0	0	1	10	0	0	1	0	0	7	2	0	0	10	0	0	8	1	0	0	3	0	0
OTU_97.21635	0	2	0	0	4	4	0	1	1	0	0	5	0	41	0	0	0	0	0	0	0	10	3	0	0	5	0	0	0	0	0	0	0	4	0	1	48	2	3	1	0	0	1	0	6	0	0	0	4	9	0	0	0	0	0	0	0	0	0	0
OTU_97.22119	29	0	2	11	0	1	7	1	2	0	8	2	11	1	5	0	7	30	29	1	34	3	2	20	0	2	0	1	4	5	0	0	0	6	1	3	0	0	0	3	10	0	0	3	0	0	5	7	0	7	1	4	3	2	1	10	8	14	9	5
OTU_97.2213	24	0	9	3	0	4	0	1	0	2	2	5	0	1	2	0	0	5	17	3	2	0	1	2	0	2	0	0	1	0	0	0	1	4	5	0	0	2	1	0	0	0	3	0	0	0	1	1	0	0	1	0	0	1	1	0	1	5	1	0
OTU_97.22563	30	1	1	1	1	3	6	1	2	1	3	3	0	8	0	0	0	5	6	16	3	9	2	13	1	3	2	2	3	3	3	0	0	0	0	0	0	6	2	1	4	0	4	1	0	2	0	1	0	0	0	2	0	2	0	0	0	11	0	0
OTU_97.2269	57	1	41	1	0	13	2	3	3	7	31	0	3	28	12	0	4	2	45	16	15	21	2	8	1	0	0	0	4	5	0	0	1	15	1	0	0	27	4	1	0	0	1	5	0	2	5	31	0	0	2	5	0	2	0	0	0	1	0	0
OTU_97.22702	0	0	0	0	0	0	0	0	77	0	0	0	0	0	0	0	0	0	0	0	0	0	0	0	0	0	0	0	0	0	0	51	0	0	0	0	0	0	0	0	0	0	0	0	0	0	17	0	0	0	0	0	0	0	0	0	0	1	0	0
OTU_97.23154	17	4	16	6	0	0	1	1	0	2	2	0	0	5	0	0	0	11	29	2	2	0	0	2	2	1	0	0	0	0	0	0	1	15	1	0	0	10	3	0	0	0	0	0	0	1	0	3	0	0	2	1	0	3	0	0	0	1	0	0
OTU_97.23182	0	1	0	1	0	0	0	18	0	5	0	2	2	53	0	0	0	0	0	0	0	5	0	0	0	5	0	0	0	0	0	2	0	0	0	0	0	24	0	0	0	0	0	0	1	0	2	0	1	0	0	1	0	0	0	0	0	1	0	0
OTU_97.23317	15	34	47	13	4	21	0	4	9	12	5	14	4	91	0	3	0	2	19	12	7	14	23	9	0	12	0	1	4	0	2	3	0	4	15	1	0	54	30	1	1	0	1	36	3	2	8	14	0	2	3	7	1	2	7	0	1	29	0	1
OTU_97.234	1	0	0	0	3	3	0	3	11	0	0	0	6	1	0	0	1	0	0	8	6	5	1	0	0	36	0	0	0	0	0	0	10	0	0	1	0	1	2	0	0	0	2	1	0	0	0	4	0	0	0	0	0	0	1	0	0	5	0	0
OTU_97.23549	9	0	0	2	0	1	2	0	7	2	0	1	0	3	0	0	1	2	29	36	3	1	1	0	0	3	0	0	0	0	1	0	0	0	0	0	0	0	0	0	0	0	0	0	0	0	1	2	0	0	1	0	0	0	0	0	0	0	0	0
OTU_97.23576	50	0	6	24	0	2	43	4	45	1	0	2	1	5	2	0	2	2	13	57	28	1	2	2	11	17	0	6	0	0	3	0	5	0	0	0	0	4	1	1	7	0	0	0	0	0	0	4	0	0	11	0	0	0	0	0	0	0	0	0
OTU_97.236	0	1	1	57	0	0	8	2	41	0	2	6	105	11	0	0	2	1	9	27	38	2	1	0	0	1	1	10	0	0	160	1	44	1	35	0	0	2	0	0	2	0	0	2	0	4	2	69	0	0	6	2	1	3	0	0	3	10	0	0
OTU_97.23603	13	0	14	0	0	1	0	2	0	0	2	1	0	2	1	0	9	0	10	5	1	4	0	2	0	3	0	0	0	0	0	0	0	14	0	0	0	29	4	0	0	0	1	3	0	0	2	1	0	0	0	1	0	1	1	0	0	0	0	0
OTU_97.23667	101	1	7	14	5	60	1	37	5	7	7	72	152	8	132	0	25	35	36	10	10	5	16	31	5	0	0	15	25	43	0	0	5	14	8	0	0	80	4	6	54	0	5	4	0	1	25	47	0	1	34	10	1	19	4	6	2	70	0	0
OTU_97.237	0	8	0	0	10	5	2	0	25	2	0	9	0	3	0	3	0	0	0	0	0	1	6	0	0	0	0	0	0	0	0	3	0	0	0	0	0	4	0	8	0	0	1	4	3	3	1	0	1	2	0	0	0	0	7	0	0	6	0	0
OTU_97.23953	0	3	0	1	0	4	0	0	1	3	0	2	0	5	0	13	0	1	0	0	2	18	4	1	2	4	1	0	0	0	0	2	0	4	3	0	12	0	0	0	0	0	0	3	1	0	0	8	3	1	0	0	0	3	1	0	1	26	0	0
OTU_97.24009	0	0	0	0	0	0	0	0	1	0	0	0	0	0	0	0	0	0	0	0	0	0	0	0	0	0	0	0	0	0	0	0	0	0	0	0	0	0	0	0	0	0	0	0	138	0	0	0	0	0	0	0	0	0	0	0	0	0	0	0
OTU_97.24803	9	0	0	2	1	0	9	0	16	0	0	0	1	1	0	0	3	0	0	4	6	0	0	0	9	1	3	9	0	1	4	0	21	1	0	0	0	0	0	0	1	0	0	0	0	0	0	0	0	0	1	0	0	1	0	0	0	0	0	0
OTU_97.24923	0	0	2	0	0	0	0	0	144	0	0	0	0	0	0	0	0	0	0	0	0	0	0	0	0	0	0	0	0	0	0	68	0	0	0	0	0	0	0	0	0	0	0	0	1	0	22	0	0	0	0	0	0	0	0	0	0	38	0	0
OTU_97.25065	94	4	11	41	1	0	0	0	23	1	1	0	1	22	1	0	0	6	39	54	7	9	2	2	0	2	0	0	0	0	4	0	2	1	3	0	0	15	0	0	0	0	1	0	3	1	4	10	1	0	4	0	0	2	0	0	0	8	0	0
OTU_97.25217	23	0	3	4	3	0	0	0	0	3	1	8	6	3	13	0	1	5	4	1	2	0	5	0	2	0	0	4	1	16	1	0	5	4	2	0	0	14	0	2	2	0	0	0	1	0	1	2	0	1	4	0	0	2	1	1	0	3	0	0
OTU_97.25486	6	10	10	2	0	4	0	0	1	5	6	1	0	3	0	0	0	2	11	2	6	15	7	6	0	3	0	0	0	0	0	0	0	4	2	0	0	6	4	0	0	0	0	25	1	1	1	0	0	0	0	5	0	0	7	0	1	7	0	0
OTU_97.25524	0	49	0	0	0	0	0	0	0	0	0	0	0	0	0	98	0	0	0	0	0	0	94	0	0	0	0	0	0	0	0	0	0	0	0	0	0	0	0	0	0	0	0	0	0	14	0	0	0	0	0	91	0	0	26	0	0	14	0	0
OTU_97.25603	1	0	0	0	1	2	35	4	6	1	0	0	0	2	0	0	3	0	5	43	6	0	0	2	1	1	0	0	0	1	16	0	4	0	0	0	0	0	8	0	2	0	0	0	0	1	1	5	0	0	6	0	0	2	0	0	0	1	0	0
OTU_97.25775	22	0	0	0	0	0	5	0	1	0	9	0	0	10	4	0	1	2	16	3	6	0	0	8	0	0	0	0	0	10	2	0	6	4	0	0	0	0	0	11	0	0	1	2	0	0	0	9	0	0	13	0	0	0	1	0	0	0	0	0
OTU_97.25967	0	0	3	0	2	3	8	8	2	0	0	0	1	0	0	0	1	0	3	2	0	0	0	0	0	1	0	2	0	1	0	0	7	1	1	0	0	9	3	0	4	0	5	0	0	5	4	2	0	0	32	0	0	4	1	0	0	1	0	0
OTU_97.26118	1	23	14	3	7	7	5	5	1	8	12	16	1	36	0	1	0	10	103	5	2	34	49	8	1	18	16	21	9	2	0	10	0	1	43	4	3	22	10	5	1	0	17	9	1	13	6	2	0	1	0	5	1	6	14	0	1	19	0	0
OTU_97.26223	7	1	4	7	2	5	0	2	1	7	3	0	2	9	1	0	0	3	92	57	2	4	6	1	2	8	0	0	4	1	1	3	0	3	0	0	0	20	4	0	0	0	1	0	0	2	6	3	0	0	3	4	0	6	1	0	0	3	0	0
OTU_97.26526	0	0	0	0	6	2	0	6	7	2	0	0	0	0	0	0	0	0	3	0	22	0	1	1	0	0	0	22	0	6	1	0	1	0	0	0	0	0	4	12	5	0	0	1	2	0	9	2	8	0	8	0	0	0	0	0	0	0	4	0
OTU_97.26664	14	2	4	1	1	4	0	4	1	7	1	3	4	2	10	0	8	2	1	3	1	4	0	1	0	2	0	0	1	7	3	1	2	8	1	0	0	5	6	0	5	1	0	0	0	0	0	2	0	0	2	0	0	1	1	0	0	0	0	1
OTU_97.26862	2	2	0	0	0	1	1	0	5	0	1	0	2	4	0	0	0	6	11	11	0	2	9	0	3	40	0	2	1	1	7	0	67	0	6	0	0	2	25	1	3	0	2	0	6	1	1	4	0	0	2	0	3	0	1	1	1	2	0	0
OTU_97.269	0	0	4	0	2	5	15	7	0	2	0	2	0	0	0	0	0	0	0	0	25	0	7	0	2	0	0	5	0	7	0	0	10	0	0	0	0	0	0	0	20	0	0	0	0	5	6	1	3	0	37	0	0	3	0	0	0	0	0	0
OTU_97.26921	0	1	1	27	2	0	9	0	21	1	0	0	12	2	0	0	1	0	1	7	37	1	0	3	4	0	0	4	1	0	33	0	3	7	1	0	0	0	0	0	0	0	0	1	1	1	0	4	1	0	2	1	0	0	0	0	2	3	2	0
OTU_97.274	218	8	15	6	6	34	21	28	5	4	16	38	13	66	0	0	1	12	46	63	11	30	2	117	10	30	1	11	34	2	9	1	0	6	17	2	0	11	4	5	3	0	3	0	1	8	4	39	0	0	0	7	0	8	2	0	0	173	0	0
OTU_97.27701	0	3	2	0	2	5	0	3	2	5	2	5	3	30	0	3	0	2	18	1	0	4	10	0	0	2	2	6	0	2	0	6	2	4	5	1	0	3	0	5	0	0	0	6	0	1	1	0	1	0	0	2	0	0	5	1	0	8	0	0
OTU_97.27797	0	33	0	8	1	0	0	0	0	0	0	0	0	0	0	0	0	0	0	0	10	0	0	38	0	131	0	2	0	0	7	0	0	0	0	1	0	1	133	0	59	1	0	149	0	0	0	0	0	1	0	0	0	0	0	0	0	9	0	0
OTU_97.2800	2	0	0	0	0	0	22	1	10	0	0	2	2	3	0	0	3	0	5	43	10	0	0	1	0	4	0	0	0	0	6	0	0	1	0	0	0	0	2	0	4	0	0	0	0	1	2	4	0	0	15	0	1	1	0	0	0	0	1	0
OTU_97.28063	1	61	12	0	9	16	0	19	0	13	42	2	0	2	0	0	0	0	0	0	0	3	2	5	0	0	0	0	0	0	0	0	0	1	37	0	0	1	0	9	0	4	1	1	0	0	0	0	1	1	1	17	1	0	2	0	3	0	0	0
OTU_97.281	0	0	152	0	0	0	0	0	0	0	0	0	0	0	0	0	0	0	0	0	0	0	0	0	0	0	0	0	0	0	0	0	0	0	0	0	0	0	0	0	0	0	0	0	0	0	0	0	0	0	0	0	0	0	0	0	0	0	0	0
OTU_97.28178	2	2	1	5	1	2	4	0	5	3	2	7	0	7	0	0	0	2	6	3	1	1	7	2	0	12	1	0	1	0	1	0	1	0	7	0	0	0	3	5	1	0	2	1	0	1	1	0	0	0	1	0	0	2	0	0	0	1	0	0
OTU_97.28305	18	0	7	5	0	1	0	5	1	1	1	2	12	1	9	0	7	3	6	0	5	0	5	9	8	1	0	4	23	6	0	0	1	6	2	1	0	3	3	0	0	2	1	0	0	0	0	1	0	0	3	1	1	1	0	1	0	5	0	0
OTU_97.28494	0	0	0	29	0	0	3	0	15	0	0	0	1	2	0	0	2	1	1	0	11	1	1	32	0	0	1	1	0	0	2	0	0	1	1	0	0	1	0	0	1	0	1	0	0	0	0	16	0	0	1	0	0	0	0	0	0	3	0	0
OTU_97.28633	10	0	6	4	0	4	2	4	1	1	1	4	7	0	4	0	4	3	1	2	4	1	4	8	9	0	0	1	2	3	0	0	0	1	2	0	0	1	1	1	4	0	0	0	0	0	0	2	0	0	2	1	0	0	2	2	1	2	0	1
OTU_97.28642	28	3	2	19	5	4	0	0	2	4	0	1	0	20	1	0	1	11	18	17	16	6	6	0	0	1	0	0	0	0	2	0	2	3	2	0	0	1	2	1	0	0	0	1	4	3	1	15	0	3	0	0	1	1	0	0	2	8	0	0
OTU_97.28898	28	21	21	24	1	6	1	1	8	23	4	0	1	23	2	3	3	3	31	14	2	13	3	3	4	3	0	0	1	0	1	1	0	7	0	0	1	5	1	0	3	0	1	1	0	3	2	2	0	0	5	0	0	1	2	0	0	2	0	0
OTU_97.28968	1	0	2	0	0	0	0	0	147	0	0	0	0	0	0	0	0	0	1	55	0	0	0	2	0	0	0	0	0	0	0	0	3	2	0	0	0	0	0	3	4	0	0	0	0	0	25	1	0	0	12	0	0	0	0	0	0	0	0	0
OTU_97.28980	2	0	0	0	0	1	6	0	11	0	0	0	2	7	0	0	1	0	1	9	4	0	0	5	11	3	0	2	0	2	3	1	15	0	0	0	0	1	10	0	18	0	0	0	0	2	0	9	0	0	8	0	0	2	0	0	0	0	0	0
OTU_97.29005	0	6	5	0	2	1	4	0	9	2	2	4	0	6	0	0	0	1	0	0	0	1	1	0	0	8	2	1	3	0	0	7	0	1	2	0	0	4	3	1	0	0	13	0	0	1	4	0	0	2	0	3	0	1	3	0	0	4	0	0
OTU_97.29302	0	33	10	0	12	15	1	20	4	8	0	12	1	5	0	9	0	0	10	1	2	2	18	11	0	23	16	11	0	7	0	31	5	0	47	0	1	20	3	1	0	0	8	2	1	1	3	0	0	3	0	1	1	1	3	1	1	10	3	0
OTU_97.29370	1	4	2	0	0	1	0	2	0	1	1	0	4	2	6	0	1	6	5	0	4	2	0	0	0	0	0	0	0	1	0	0	0	1	0	0	6	0	0	0	0	0	1	3	10	0	1	0	1	0	0	0	1	1	0	7	5	1	13	10
OTU_97.29386	0	0	0	1	1	1	1	3	2	0	0	0	0	1	0	0	1	0	0	1	0	0	0	0	7	0	0	1	21	0	2	11	177	7	1	0	0	0	0	0	2	0	0	1	0	0	0	34	0	0	1	0	0	0	0	0	0	1	0	0
OTU_97.29545	5	0	1	1	0	5	0	1	0	0	2	3	4	2	3	0	9	1	4	0	3	1	0	6	0	0	0	0	5	0	0	0	2	4	11	0	0	2	0	1	2	0	0	0	0	0	0	13	0	0	0	1	0	1	0	1	0	23	0	0
OTU_97.29695	18	0	3	5	0	13	1	5	1	0	3	19	23	2	36	0	6	7	3	0	3	0	4	3	1	0	0	0	5	2	0	0	0	2	5	0	0	1	0	2	0	0	0	0	0	2	2	6	0	0	2	1	0	0	0	0	0	6	0	0
OTU_97.29790	1	84	36	2	5	11	8	3	84	22	1	43	2	30	0	1	0	0	6	9	1	4	3	8	1	83	36	35	4	0	2	13	1	3	6	0	0	23	26	10	7	0	48	11	3	12	21	4	0	0	1	6	0	10	19	0	0	18	0	0
OTU_97.29835	8	2	6	1	1	7	1	4	0	2	1	0	0	0	5	0	4	12	1	1	0	0	0	0	0	0	4	14	5	7	0	0	0	3	0	2	0	0	4	0	0	0	1	0	0	1	1	0	0	0	0	0	0	1	0	0	1	0	0	0
OTU_97.29880	2	2	1	4	1	2	3	2	9	1	0	10	0	7	0	0	2	0	15	23	4	0	4	1	0	0	1	0	0	2	4	0	0	1	0	0	0	5	3	0	2	0	1	0	0	1	1	1	0	0	3	0	0	0	1	0	0	1	0	0
OTU_97.29905	0	1	0	5	3	2	8	3	11	0	0	1	0	8	0	0	0	2	1	14	13	1	1	17	2	0	0	0	1	2	0	14	11	0	0	0	0	0	0	2	7	0	1	6	0	25	5	4	0	0	0	0	0	1	2	0	0	24	1	0
OTU_97.3046	5	1	4	1	1	6	3	2	3	0	1	0	0	1	2	0	3	2	5	2	2	4	8	1	0	1	1	1	1	1	2	5	5	3	0	2	1	9	1	3	2	0	0	3	5	1	2	3	0	0	1	2	0	0	1	0	3	1	0	0
OTU_97.30632	4	1	0	3	2	4	3	5	11	1	0	8	2	6	1	0	0	2	3	4	8	2	0	7	0	1	0	0	0	1	0	2	4	0	6	0	0	1	1	0	2	0	0	0	0	5	2	0	0	0	0	0	0	0	0	0	1	4	1	0
OTU_97.30638	5	14	2	2	1	1	7	2	7	2	3	9	2	14	0	1	1	8	20	26	7	5	29	21	42	8	4	3	2	6	6	4	20	1	21	0	0	1	5	22	14	0	11	4	0	8	3	18	0	0	15	3	0	7	1	0	0	18	0	0
OTU_97.30676	0	1	0	0	0	0	0	0	131	0	2	0	0	0	0	0	0	0	0	0	0	0	0	0	2	0	1	0	0	0	0	3	0	0	0	0	0	0	0	0	0	0	0	0	7	0	3	0	0	0	0	0	0	0	0	0	0	3	0	0
OTU_97.30766	88	54	100	72	14	3	3	2	33	43	5	2	0	32	1	2	10	2	154	59	2	25	31	4	3	11	7	6	3	3	1	6	5	12	3	4	0	72	17	4	31	0	7	4	0	26	30	5	0	0	21	8	0	28	10	0	1	4	0	0
OTU_97.30856	0	0	0	0	0	0	0	0	0	0	0	0	0	0	0	0	0	0	0	0	0	1	0	0	0	1	0	0	0	0	2	0	1	130	0	0	0	0	0	0	0	0	0	0	0	0	0	0	0	0	0	0	0	0	0	0	3	0	1	0
OTU_97.31000	10	1	1	5	0	0	2	0	9	2	0	2	1	14	0	1	0	2	8	20	6	0	3	8	0	0	0	2	0	0	13	1	3	0	0	0	0	1	0	1	1	0	0	1	1	1	1	2	0	0	2	1	0	0	2	0	0	4	1	0
OTU_97.31107	2	5	2	0	6	8	0	0	1	1	7	5	2	18	0	0	0	1	2	0	5	11	2	2	0	0	5	0	0	0	0	1	1	2	0	4	2	11	11	1	0	4	0	8	2	1	1	0	1	0	0	4	0	0	4	0	2	1	0	2
OTU_97.31207	0	6	19	8	1	17	7	2	2	46	0	15	0	18	0	1	0	2	5	0	3	75	25	8	1	71	22	1	1	6	0	3	1	20	3	4	7	3	7	13	3	0	19	8	2	2	1	2	0	0	2	1	0	58	29	0	1	15	0	0
OTU_97.31222	0	15	2	7	9	7	0	1	19	2	1	6	6	12	0	0	0	0	0	0	0	5	1	1	1	15	1	1	1	3	0	0	1	0	4	1	0	4	17	3	0	0	8	2	0	0	0	1	0	0	0	3	1	0	0	0	0	9	3	0
OTU_97.3142	26	2	0	0	0	6	7	4	4	0	1	7	1	9	0	0	0	1	9	7	1	0	1	3	1	9	1	2	1	0	12	0	0	1	2	0	0	0	0	4	0	0	0	0	0	0	0	2	0	0	1	0	0	0	0	0	0	1	0	0
OTU_97.31658	25	1	0	4	1	5	3	9	3	0	1	8	5	96	0	0	0	3	3	12	2	12	4	41	1	3	0	0	5	0	2	0	0	2	9	0	0	0	2	3	4	0	2	1	0	1	1	2	1	0	0	1	0	2	3	0	0	14	0	0
OTU_97.31697	19	3	4	2	0	14	0	12	1	5	7	0	8	4	11	1	10	1	14	0	2	3	4	1	3	1	0	0	2	28	0	1	0	75	0	7	0	2	0	1	5	0	9	16	0	1	31	0	0	0	5	4	0	8	8	0	0	3	0	0
OTU_97.31742	4	13	12	1	5	24	0	3	1	7	3	6	5	15	0	1	0	2	4	0	5	14	9	1	0	1	0	1	6	7	0	2	1	7	5	4	0	55	27	1	0	0	4	13	0	13	3	6	0	0	3	10	0	0	6	0	0	19	0	0
OTU_97.31787	0	0	0	0	0	0	0	0	1	0	0	0	0	0	0	0	0	0	0	0	0	0	0	0	0	0	0	0	0	0	0	0	0	0	0	0	0	0	0	0	0	0	0	0	125	0	0	0	0	0	0	0	0	0	0	0	0	0	0	0
OTU_97.31802	0	0	1	0	0	0	0	0	112	0	0	0	0	0	0	0	0	0	0	0	0	0	0	0	0	0	3	0	0	0	0	15	0	0	0	0	0	0	2	0	0	0	0	0	8	0	9	0	0	0	0	0	0	0	0	0	0	8	0	0
OTU_97.31810	0	0	0	0	0	0	0	0	0	0	0	0	0	0	0	0	0	0	0	0	0	0	0	0	0	0	0	0	0	0	0	0	0	0	0	0	0	0	0	0	0	0	0	0	214	0	0	0	0	0	0	0	0	0	0	0	0	0	0	0
OTU_97.31818	8	114	51	11	27	30	6	10	17	39	50	8	0	121	0	0	0	43	286	25	0	55	8	7	0	79	1	2	1	3	0	1	0	3	13	1	0	4	3	4	0	0	7	4	0	3	2	0	0	4	0	5	1	1	4	0	1	3	0	0
OTU_97.31895	20	5	12	1	4	3	1	0	2	6	4	1	0	0	4	0	1	8	29	18	6	15	4	1	1	4	0	0	1	3	1	2	2	3	0	3	0	3	4	1	3	0	1	0	0	5	2	1	0	0	2	3	0	0	3	0	1	1	0	0
OTU_97.3193	2	4	6	1	0	1	1	0	1	1	4	1	1	1	4	1	5	4	8	8	1	2	1	0	2	2	0	0	0	2	0	1	4	7	0	0	0	2	3	1	0	0	0	0	6	1	0	9	0	0	0	0	0	1	2	0	6	6	0	1
OTU_97.32	81	209	80	309	2	11	1	4	4	49	10	23	1	161	18	3	1	53	366	4	8	2	29	1	22	2	4	0	16	13	0	1	6	59	1	2	0	17	0	0	0	0	3	0	0	0	5	16	0	0	4	2	0	0	15	0	0	162	0	0
OTU_97.32002	134	0	15	10	4	46	2	49	7	9	4	65	117	7	121	0	29	23	19	4	13	4	26	17	4	0	0	40	12	40	0	1	4	15	6	0	0	28	0	1	19	1	3	1	0	0	12	37	0	0	25	0	2	7	4	2	0	63	0	0
OTU_97.32157	0	24	15	2	3	3	3	1	43	12	1	8	0	4	0	0	0	0	6	2	1	5	0	10	0	49	4	10	0	0	1	22	0	2	0	1	0	33	35	24	2	0	47	13	2	11	11	5	0	0	0	11	0	6	55	0	0	50	0	0
OTU_97.32218	0	32	20	0	1	4	0	0	2	14	5	1	0	0	0	2	0	1	0	0	0	1	4	1	1	8	5	0	0	1	0	13	0	8	16	2	0	0	4	2	0	0	9	3	0	1	4	0	0	1	3	9	0	9	23	0	0	3	0	1
OTU_97.32371	5	31	13	0	4	0	2	3	2	20	1	1	0	1	0	0	0	2	0	0	0	0	0	1	0	0	0	0	0	2	1	0	0	3	1	0	0	1	2	0	0	1	0	2	1	0	0	0	0	0	0	0	0	0	0	0	1	0	0	1
OTU_97.32416	42	0	2	14	0	4	1	3	2	1	1	5	17	6	8	0	3	1	5	3	58	4	3	2	5	1	0	7	8	5	0	0	1	3	7	0	0	1	0	2	11	0	1	0	0	1	3	5	0	1	7	0	1	6	1	0	0	6	0	0
OTU_97.32525	3	3	0	0	1	1	1	1	1	0	2	0	0	4	0	0	1	2	6	18	2	5	3	24	0	11	0	1	0	0	1	1	0	2	2	0	0	1	0	0	0	0	2	3	0	0	2	1	0	0	0	1	0	0	0	0	1	5	0	0
OTU_97.32573	0	12	10	0	1	0	0	0	1	3	2	4	1	0	0	0	0	0	0	1	0	4	0	4	0	4	1	11	0	0	0	1	0	0	2	0	0	3	1	5	0	0	3	2	3	1	2	3	0	0	0	5	1	0	12	0	0	45	0	0
OTU_97.32767	29	1	1	17	0	1	3	1	19	1	0	1	1	2	0	0	3	0	12	4	29	3	0	9	3	5	0	4	2	0	0	0	5	1	4	0	0	0	0	1	10	0	0	0	2	1	1	10	0	0	11	1	0	1	0	0	0	3	2	0
OTU_97.32773	0	0	0	0	0	0	0	0	0	0	0	0	0	0	0	0	0	0	0	0	0	0	0	0	0	0	0	0	0	0	0	210	0	0	0	0	0	0	0	0	0	0	0	0	0	0	78	0	0	0	0	0	0	0	0	0	0	0	0	0
OTU_97.32788	0	0	0	0	0	0	0	0	91	0	0	0	0	0	0	0	0	0	0	0	0	0	0	0	0	0	1	0	0	0	0	3	0	0	0	0	0	0	0	0	0	0	0	0	4	0	0	0	0	0	0	0	0	0	0	0	0	2	0	0
OTU_97.32857	0	3	2	0	2	5	0	0	0	2	1	2	0	0	0	0	0	1	0	0	0	0	4	2	0	0	26	16	0	3	0	1	0	0	0	1	1	4	3	2	0	0	1	6	0	0	1	0	0	2	0	3	1	0	4	0	1	3	0	0
OTU_97.32873	0	4	2	0	2	3	1	1	0	6	2	5	1	1	0	5	0	0	0	1	0	10	18	1	1	18	3	3	1	0	0	1	0	0	0	5	0	9	1	7	0	0	0	22	0	1	1	0	0	0	0	5	0	1	18	0	0	6	0	0
OTU_97.32952	0	2	10	4	4	8	4	0	0	6	0	3	0	10	0	0	0	3	1	0	2	58	11	6	0	41	4	1	0	2	0	5	0	9	1	2	6	0	0	2	0	0	1	3	4	0	0	5	3	4	0	0	0	1	3	0	2	12	1	2
OTU_97.32956	8	0	1	1	3	1	3	0	5	0	2	6	3	5	0	1	1	4	8	6	3	5	9	0	4	11	3	4	0	6	2	1	2	0	6	0	0	0	3	1	4	0	3	0	1	2	1	5	0	1	5	0	0	3	0	0	0	6	0	0
OTU_97.33061	0	0	1	0	0	0	0	0	0	0	2	0	0	2	0	0	0	0	0	0	0	8	5	1	0	328	0	3	0	1	0	0	0	0	0	7	0	0	0	0	0	0	7	0	1	0	0	0	0	1	1	2	0	0	1	0	0	0	0	0
OTU_97.33310	6	68	12	0	11	23	0	28	0	12	70	0	0	2	0	2	0	0	0	0	0	4	5	10	1	2	3	0	1	5	1	0	0	1	22	5	0	1	0	16	2	1	0	5	0	0	0	0	1	1	9	24	0	2	2	0	0	0	0	1
OTU_97.33426	40	0	3	15	0	0	18	0	38	0	0	1	1	7	0	0	0	1	10	18	20	0	4	0	3	5	0	2	0	0	5	0	13	1	1	0	0	1	0	0	19	0	0	0	0	2	1	7	0	0	5	1	0	3	0	0	0	0	0	0
OTU_97.33457	12	0	0	0	0	0	20	0	2	0	0	0	0	0	1	0	3	0	0	14	30	1	0	0	0	7	0	0	0	0	5	0	1	0	0	0	0	0	0	1	1	0	0	0	0	1	1	1	0	0	3	0	0	1	0	0	0	0	0	0
OTU_97.335	5	7	1	0	44	0	0	0	0	1	0	0	2	0	0	0	0	0	0	0	0	0	0	0	0	1	0	1	1	0	0	22	0	0	0	1	0	0	1	0	0	3	0	2	0	2	0	2	4	0	0	0	0	1	37	0	0	1	0	0
OTU_97.33579	23	15	23	7	14	0	9	0	115	9	4	4	2	26	2	3	0	18	23	57	52	18	3	5	2	5	2	4	1	0	33	8	16	7	23	1	3	5	0	4	2	0	1	8	23	6	6	17	6	1	2	1	2	0	3	1	5	11	6	1
OTU_97.33622	2	3	1	1	1	2	3	1	12	3	2	1	0	12	0	0	0	7	14	19	4	1	3	5	4	11	4	3	0	3	1	1	4	1	7	0	0	1	3	3	4	0	1	1	0	1	2	1	0	0	5	3	0	2	0	0	0	0	0	0
OTU_97.33688	0	1	1	3	9	0	2	2	20	3	1	2	8	5	0	0	1	8	1	8	64	4	1	0	0	0	2	7	5	1	119	1	25	4	1	0	0	0	3	3	5	0	1	3	0	6	4	0	0	0	34	2	1	0	5	0	0	1	3	0
OTU_97.33707	5	0	0	0	0	1	6	5	28	0	0	1	2	14	0	0	3	1	0	7	3	0	0	0	5	2	0	5	1	1	3	1	2	1	0	0	0	1	0	1	5	0	0	0	0	2	3	3	1	0	7	0	0	2	0	0	0	1	0	0
OTU_97.33749	18	0	0	4	2	3	3	1	10	0	1	0	1	4	0	0	1	1	6	4	9	1	0	2	3	4	0	0	1	2	3	0	2	1	4	0	0	2	0	0	8	0	0	0	2	0	0	23	1	1	4	1	1	1	0	0	0	3	0	0
OTU_97.33881	7	0	2	10	1	0	1	1	27	2	0	0	0	10	0	0	0	0	3	15	4	0	2	0	0	2	0	1	0	3	0	2	2	1	4	0	0	22	2	0	5	0	0	0	0	7	5	1	0	0	0	0	0	1	0	0	0	3	1	0
OTU_97.33966	2	12	7	0	2	2	0	1	0	1	0	0	1	1	0	0	0	0	0	1	0	1	16	0	0	1	6	2	11	5	0	0	0	1	0	3	0	12	5	0	3	1	0	0	0	4	2	0	0	0	2	0	0	2	0	0	5	1	0	0
OTU_97.34053	0	0	17	0	8	0	0	0	0	1	4	0	0	16	0	1	0	0	0	0	0	0	8	0	5	0	3	0	2	1	0	0	0	0	4	12	0	0	0	33	0	0	0	0	29	2	0	0	9	0	1	9	0	1	28	25	3	0	0	86
OTU_97.34346	5	12	26	0	4	6	0	0	0	5	10	3	3	4	4	2	2	29	41	49	9	7	1	11	6	16	0	0	0	1	0	1	6	23	3	0	1	3	9	3	0	2	26	0	2	3	2	6	0	0	1	3	0	9	5	5	0	22	0	3
OTU_97.34372	6	4	3	1	0	2	4	2	0	3	2	1	0	8	0	0	1	3	3	0	1	6	7	6	1	7	1	0	1	0	0	0	0	8	2	0	4	6	5	1	0	0	1	2	2	0	3	3	0	0	1	1	1	0	0	1	1	1	0	4
OTU_97.34404	0	1	1	2	0	5	7	2	0	3	0	3	0	10	0	0	2	3	5	1	3	2	2	2	1	10	1	2	0	3	0	1	3	0	8	0	0	1	0	5	8	0	0	0	0	2	0	0	0	0	0	1	0	0	0	0	0	1	1	0
OTU_97.34438	1	6	1	1	1	8	0	2	7	0	0	6	0	7	0	0	0	0	0	6	0	0	5	0	1	4	0	5	1	2	0	3	1	0	1	1	0	6	1	1	1	0	3	0	0	0	5	0	1	1	0	0	0	0	0	0	0	51	0	0
OTU_97.34538	6	2	5	7	0	10	1	10	1	6	4	8	8	3	53	0	10	10	9	11	11	4	0	8	0	2	0	0	0	4	1	1	1	4	0	0	0	2	4	0	2	1	0	2	2	1	3	6	1	1	1	3	2	0	0	2	1	0	1	2
OTU_97.34541	43	0	0	8	0	1	20	1	30	0	0	0	5	17	0	0	0	0	12	75	38	0	0	4	0	1	0	3	0	1	8	0	6	5	0	0	0	1	8	0	7	0	0	0	0	0	3	1	0	0	2	0	0	0	0	0	0	0	0	0
OTU_97.34692	0	1	0	4	0	0	16	3	27	0	1	2	18	18	0	1	0	3	3	7	26	4	5	0	4	0	0	0	0	0	26	0	9	0	4	0	0	1	4	0	2	0	0	0	3	0	1	0	0	0	6	0	0	0	1	0	0	1	2	0
OTU_97.34847	0	17	14	0	0	2	1	2	0	2	0	0	1	0	0	7	0	2	1	0	1	4	5	0	1	1	0	0	4	1	0	0	0	3	0	1	0	2	2	0	0	0	0	5	0	0	1	9	0	0	0	1	0	1	1	1	4	72	0	2
OTU_97.34945	5	0	1	7	0	0	0	1	0	0	3	1	3	2	8	2	4	4	9	3	10	12	1	0	8	2	0	0	20	0	5	0	7	15	1	0	1	1	1	0	3	0	0	0	0	1	0	28	0	0	1	0	0	0	0	1	0	5	1	0
OTU_97.35027	8	20	24	0	5	2	1	0	4	12	0	0	0	0	2	0	0	1	0	0	0	0	3	0	0	0	0	0	0	4	1	5	3	19	0	2	0	3	0	0	0	0	0	0	0	0	0	0	0	0	0	0	0	0	0	0	1	0	0	0
OTU_97.35109	0	1	0	10	7	0	8	1	61	0	2	12	114	13	0	0	2	2	19	19	27	4	0	8	1	0	4	13	1	1	142	0	48	3	2	0	0	2	6	2	5	0	1	0	0	5	2	35	0	0	18	0	0	3	0	0	1	12	0	0
OTU_97.35161	7	14	23	4	6	7	1	2	2	6	5	2	0	13	0	2	0	1	16	1	6	13	18	1	0	3	10	4	0	1	0	0	0	8	4	2	1	16	4	1	0	1	0	21	0	2	5	6	3	0	0	3	0	0	8	1	0	7	0	2
OTU_97.3517	0	13	4	0	3	1	0	3	5	10	4	3	0	4	0	0	0	3	31	3	0	9	2	2	0	8	0	0	0	0	0	1	0	0	0	0	0	0	0	0	0	0	1	3	0	1	0	0	0	0	0	1	0	0	2	0	0	0	0	0
OTU_97.35171	0	2	1	0	0	6	4	3	0	1	1	1	0	3	0	0	0	25	0	1	0	9	0	1	2	3	2	0	2	0	0	1	0	5	1	0	3	9	11	0	1	18	4	0	0	0	0	3	1	0	2	0	2	1	0	1	18	1	0	6
OTU_97.35197	14	0	0	0	2	3	12	1	15	0	3	3	0	6	0	0	1	6	4	4	0	1	0	22	2	9	4	20	1	6	46	2	3	1	1	0	0	5	2	0	2	0	1	0	0	1	0	3	0	0	2	2	0	1	0	0	0	3	0	0
OTU_97.35207	11	1	3	10	0	0	9	1	28	0	2	5	0	4	0	0	4	10	30	16	10	3	6	50	20	20	33	78	9	35	35	14	121	12	12	1	1	2	6	10	3	0	0	1	1	1	0	11	0	0	7	2	0	2	0	1	1	10	0	0
OTU_97.35367	5	15	6	0	15	6	0	3	0	10	102	0	0	0	0	0	0	1	0	0	1	5	1	5	0	0	2	1	0	1	0	0	0	0	5	12	0	0	0	32	2	3	1	5	0	0	0	0	2	0	2	37	1	0	1	0	3	0	0	0
OTU_97.35408	32	0	3	18	1	4	4	0	2	0	1	1	1	1	11	0	3	9	13	1	15	2	10	19	0	0	0	0	3	1	0	0	1	4	4	1	0	1	1	2	5	0	0	0	0	0	3	8	0	0	6	2	0	5	1	0	1	5	0	0
OTU_97.35534	7	43	12	0	27	35	0	57	0	13	79	1	0	2	0	0	0	0	0	0	0	17	1	15	0	2	1	0	0	3	0	0	0	0	27	1	0	3	0	18	0	1	0	0	0	0	0	0	0	1	7	26	1	1	0	3	4	0	0	0
OTU_97.35551	2	0	0	1	3	0	5	0	5	1	2	4	0	2	0	0	1	8	4	4	8	8	2	3	17	7	3	1	0	4	1	1	11	0	8	0	3	0	0	0	0	0	1	0	0	3	0	1	2	1	2	0	1	1	0	1	2	0	4	1
OTU_97.35610	17	0	0	0	0	0	3	0	9	0	0	0	0	0	0	0	0	0	0	19	0	1	0	1	6	4	0	3	0	0	16	0	5	1	0	0	0	2	5	1	1	0	0	0	0	1	0	0	0	0	18	0	0	2	0	0	0	0	0	0
OTU_97.35638	22	0	27	8	0	8	2	63	0	6	4	6	13	2	8	1	14	8	8	1	14	1	23	15	6	0	0	4	6	19	1	0	2	2	3	0	0	3	3	4	6	0	0	0	1	0	2	22	0	0	1	1	1	1	2	5	1	3	1	0
OTU_97.35824	2	6	46	0	4	3	0	10	0	4	29	0	0	0	0	0	0	0	0	0	2	3	47	3	0	4	9	1	3	2	0	0	0	1	2	1	0	1	1	5	0	3	5	0	0	10	0	1	0	0	0	4	0	0	41	0	2	0	0	0
OTU_97.3594	36	11	9	6	2	14	3	5	3	6	4	13	4	4	13	0	4	5	43	28	14	23	22	4	1	5	0	0	0	6	0	2	1	2	2	0	2	30	11	1	12	1	5	2	2	3	3	6	2	2	3	0	2	3	3	1	1	1	0	1
OTU_97.35988	13	6	2	5	1	2	0	2	1	4	3	1	3	5	8	0	4	3	20	15	7	4	0	6	0	2	0	0	1	0	0	0	1	0	0	1	0	2	4	0	1	0	0	4	0	2	2	2	0	0	0	1	0	1	3	1	0	1	0	0
OTU_97.36	27	9	1	0	40	0	2	0	1	0	3	0	1	0	0	0	0	0	0	1	0	1	0	0	0	5	0	5	0	0	1	53	0	0	0	3	0	0	1	0	0	1	0	5	1	8	0	0	2	0	0	0	0	4	62	0	0	5	0	0
OTU_97.36018	0	4	3	0	8	2	6	0	5	2	0	9	0	2	0	2	0	0	1	1	2	2	0	1	1	2	18	37	2	0	0	4	0	0	0	3	1	0	1	29	0	0	8	11	9	0	2	0	0	2	1	9	1	2	38	0	1	10	1	0
OTU_97.36154	31	34	5	0	2	13	0	2	0	4	2	0	30	44	5	0	0	0	2	1	0	2	3	4	1	4	0	2	0	1	0	3	0	0	0	1	0	7	9	0	1	2	0	3	0	2	5	8	0	0	0	1	0	0	0	0	0	10	0	1
OTU_97.36157	9	29	6	0	8	2	0	14	0	17	47	1	0	1	0	1	0	0	0	0	3	5	2	19	0	0	7	1	0	3	0	0	0	0	8	2	0	3	0	9	0	0	0	0	0	0	0	0	1	0	9	9	0	0	0	0	2	0	0	0
OTU_97.3616	21	5	7	12	0	4	1	1	0	8	2	1	0	6	7	0	0	9	57	31	7	6	3	3	0	13	3	0	1	3	0	0	8	7	9	0	0	8	20	0	2	1	1	0	0	2	2	5	1	0	9	2	0	2	0	0	0	0	0	0
OTU_97.36204	0	10	4	0	16	11	14	1	27	10	5	33	0	15	0	1	0	1	2	4	4	12	0	0	1	9	11	16	5	0	0	2	1	0	1	0	0	5	3	9	0	0	19	0	1	6	10	2	0	1	1	6	0	3	10	0	1	32	0	0
OTU_97.36283	0	18	5	0	9	10	0	1	42	7	0	15	2	13	0	0	0	0	1	0	5	8	40	15	0	11	4	16	2	0	0	12	0	0	24	0	0	1	31	3	2	0	40	37	0	19	1	0	0	2	0	1	1	2	7	0	0	0	0	0
OTU_97.3666	0	1	0	13	0	0	12	0	7	3	0	0	16	2	0	0	1	0	0	5	7	0	0	1	0	0	2	2	0	0	47	0	10	3	2	0	0	1	0	0	0	0	0	0	0	1	0	11	0	0	1	0	0	0	0	0	0	2	4	0
OTU_97.36839	0	0	0	0	1	1	0	3	11	0	0	0	0	0	0	0	0	0	1	0	27	0	5	0	0	0	0	0	0	1	1	0	0	0	0	0	0	0	4	2	9	0	0	0	2	0	8	1	7	1	27	1	0	0	0	0	0	2	8	0
OTU_97.36941	0	1	5	0	5	2	0	0	0	6	2	7	0	3	0	0	0	0	0	0	0	2	7	1	1	13	7	6	0	1	0	3	0	0	0	3	2	30	2	1	0	1	4	3	3	2	2	0	4	15	0	1	9	0	1	2	1	3	0	8
OTU_97.36948	0	0	0	0	0	3	0	25	0	0	0	0	0	0	0	0	0	0	0	0	0	0	0	0	0	0	0	0	0	13	0	0	15	0	0	0	0	0	1	0	14	0	5	0	0	0	5	12	5	0	4	0	0	0	0	0	0	0	0	0
OTU_97.36958	0	0	0	2	10	5	0	8	68	2	1	0	0	0	0	0	0	0	6	0	114	0	9	10	0	0	0	26	1	18	1	0	13	0	0	0	0	0	5	27	32	0	1	0	6	0	12	10	24	0	34	0	1	0	0	0	1	4	19	0
OTU_97.370	0	23	13	0	5	5	2	0	45	4	0	8	0	3	0	0	0	0	1	2	0	3	1	0	2	15	8	3	0	0	0	2	0	0	0	1	0	5	14	4	2	0	5	0	1	2	1	0	0	0	1	8	0	3	5	0	0	28	0	0
OTU_97.37120	0	7	5	0	6	2	10	0	16	5	2	6	0	2	0	1	0	0	1	4	0	6	0	7	0	16	4	5	1	3	0	8	0	2	1	1	0	1	2	6	0	0	5	9	6	1	2	0	0	0	0	3	2	0	10	0	0	4	0	0
OTU_97.37156	3	16	9	3	0	3	0	1	0	1	4	1	1	8	0	0	1	0	1	0	1	4	2	0	0	0	0	0	1	0	0	0	0	4	3	0	0	10	6	0	0	3	3	6	0	0	0	2	0	0	0	1	0	1	8	0	0	5	0	0
OTU_97.37259	11	0	0	6	0	3	9	1	0	0	5	0	3	1	2	1	4	11	6	5	1	0	2	6	0	3	0	1	2	2	0	0	1	1	0	0	0	0	0	0	4	0	0	0	0	0	4	0	0	0	2	0	0	2	0	1	2	2	0	0
OTU_97.37314	7	0	3	7	0	0	2	0	0	0	5	0	0	0	1	0	0	5	24	15	10	4	0	3	0	1	0	0	1	1	1	0	1	0	0	0	0	2	4	0	4	0	0	1	1	1	1	4	0	0	2	2	0	0	0	0	0	0	0	1
OTU_97.37443	11	30	2	0	7	10	0	10	0	13	41	0	0	1	0	0	0	1	0	0	1	6	0	12	0	0	5	0	0	5	0	0	0	0	9	17	0	3	1	44	5	1	0	2	0	0	0	0	0	0	10	66	0	1	1	0	6	2	0	0
OTU_97.37448	7	0	0	7	0	0	2	0	0	1	1	2	1	2	4	0	0	9	5	0	12	2	1	9	0	2	0	1	1	0	0	0	0	2	0	1	1	0	0	2	1	0	0	1	2	1	1	1	1	1	0	1	1	0	1	0	0	2	10	1
OTU_97.37463	1	4	4	0	0	4	8	0	11	1	2	3	0	2	0	0	1	0	3	0	0	3	2	0	0	8	4	7	1	0	0	2	0	1	0	1	0	0	3	9	0	0	8	6	1	2	1	0	0	0	0	0	0	4	18	0	0	2	0	0
OTU_97.37486	0	4	2	1	3	0	0	0	8	1	1	2	0	0	0	0	0	0	2	1	0	0	0	1	0	10	7	4	0	0	0	11	0	1	0	1	0	8	9	13	1	0	14	12	1	4	2	0	0	1	0	10	0	1	34	0	0	17	0	0
OTU_97.37491	31	16	5	15	3	4	11	4	26	10	5	17	6	36	0	0	1	27	94	65	14	13	41	37	86	50	5	14	30	9	11	11	68	7	84	0	7	1	15	45	18	0	23	0	7	15	9	42	3	0	19	11	0	17	4	1	0	28	2	0
OTU_97.37504	78	2	18	32	4	60	0	48	4	11	10	68	110	6	201	0	49	25	46	43	32	7	9	18	0	1	0	15	14	12	4	1	10	11	8	0	2	14	3	2	10	0	0	6	2	3	6	10	1	0	6	2	4	4	4	10	5	17	7	5
OTU_97.37509	9	0	0	5	1	0	40	3	15	0	0	0	0	9	0	0	0	3	4	9	33	0	1	0	19	0	1	1	0	0	3	0	10	0	1	0	0	0	0	3	2	0	0	0	1	1	1	7	1	0	1	0	0	2	0	0	0	1	3	0
OTU_97.37654	14	0	0	1	0	0	2	0	0	0	12	0	0	20	2	0	0	10	23	1	16	0	0	2	0	0	0	0	0	0	2	0	2	0	1	0	0	0	0	6	0	0	0	0	0	0	0	3	0	0	20	0	0	0	0	0	0	0	0	0
OTU_97.37721	24	14	1	3	2	3	7	3	25	1	5	26	5	11	0	0	2	11	21	17	2	6	30	1	2	13	2	2	1	8	1	3	6	1	47	0	1	1	8	10	8	0	2	0	6	2	1	19	0	0	11	0	0	4	0	1	0	15	2	0
OTU_97.37770	3106	4	312	1331	26	297	79	373	76	83	131	405	654	605	899	16	177	433	1368	298	433	69	475	761	137	65	2	204	1063	226	12	2	140	239	620	3	1	309	22	79	397	0	50	26	0	24	269	636	0	8	345	38	0	190	44	6	17	911	6	1
OTU_97.37841	26	0	11	8	0	2	1	5	0	2	3	0	6	1	12	1	4	7	15	2	13	2	8	27	0	0	0	6	5	5	0	0	0	3	1	3	0	5	0	11	14	0	3	1	0	0	6	9	0	0	10	8	0	7	3	1	1	12	2	1
OTU_97.37847	206	0	173	76	1	29	4	31	6	22	2	17	53	157	76	6	51	11	80	21	41	12	95	417	57	2	0	17	247	18	3	0	13	37	41	1	0	23	0	27	51	0	11	4	1	0	35	31	0	0	46	2	0	24	12	0	0	29	0	0
OTU_97.37867	1	11	7	0	22	9	2	15	0	20	59	0	1	2	0	3	0	0	0	0	4	3	25	3	0	4	22	7	0	10	4	1	0	2	2	8	0	0	6	34	2	1	4	35	1	2	1	0	0	0	12	54	0	16	27	3	4	3	0	0
OTU_97.37875	1	0	0	0	0	0	0	0	4	1	1	1	0	3	0	1	2	6	0	1	0	1	0	4	31	2	0	1	1	0	0	0	5	0	1	0	0	0	2	0	0	0	1	1	0	0	0	20	0	0	0	1	0	0	0	0	0	12	0	0
OTU_97.37887	2	9	4	0	18	2	0	4	0	7	62	0	0	0	0	0	0	0	0	0	1	5	1	3	0	1	2	0	0	3	0	0	0	0	9	10	0	0	0	14	0	3	0	0	0	0	0	0	2	2	5	19	2	0	4	3	9	1	1	0
OTU_97.37899	0	48	0	0	0	0	0	0	0	0	0	0	0	0	0	27	0	0	0	0	0	0	61	0	0	0	0	0	0	0	0	0	0	0	0	0	0	0	3	0	0	0	0	0	0	22	0	0	0	0	0	57	0	0	24	0	0	6	0	0
OTU_97.37929	1	10	45	0	8	3	0	7	0	5	8	0	0	1	0	0	0	0	0	0	0	1	11	1	1	5	3	3	1	0	0	0	0	0	3	6	0	1	0	4	0	17	1	1	0	2	0	0	4	6	3	6	2	1	91	5	11	0	1	3
OTU_97.37951	52	15	7	37	1	10	24	5	62	9	9	35	7	51	0	1	1	37	153	127	20	26	39	24	11	110	1	7	11	6	5	4	15	1	141	0	3	3	14	15	26	0	18	1	7	13	13	8	0	0	25	2	0	24	1	0	0	11	0	0
OTU_97.37954	52	0	6	1	0	5	0	0	0	0	1	0	1	0	0	0	0	0	1	0	0	0	0	2	0	2	12	0	1	1	2	0	1	0	0	0	0	0	6	1	0	1	0	0	1	4	0	0	0	0	0	0	0	0	0	0	0	0	0	0
OTU_97.37990	195	23	13	54	6	14	24	11	149	16	7	70	7	213	0	0	6	48	241	176	35	25	36	32	4	168	43	61	38	26	4	1	16	1	130	0	0	12	42	59	59	0	36	2	0	32	30	1	0	0	67	15	0	70	4	0	0	6	0	0
OTU_97.38034	21	8	11	3	1	27	0	7	3	8	4	5	0	5	16	0	11	7	33	17	10	35	23	2	0	3	0	0	0	2	1	2	1	5	0	0	1	18	12	0	0	1	3	1	3	1	3	2	0	1	0	0	0	0	2	2	1	1	1	0
OTU_97.38092	0	6	0	0	0	0	0	0	0	0	6	0	0	1	0	0	0	0	0	0	0	0	0	4	0	17	0	4	0	0	4	0	0	0	0	1	0	0	17	1	7	1	0	33	0	0	0	0	1	0	0	1	0	4	0	0	1	1	0	0
OTU_97.38106	3	6	157	1	3	2	2	5	0	2	6	3	0	0	0	0	0	0	0	0	1	5	39	9	1	12	1	2	5	1	0	0	0	2	4	1	0	0	4	1	0	2	11	3	0	10	0	0	0	3	1	2	1	9	48	0	2	0	0	1
OTU_97.38187	84	454	75	0	95	259	1	394	1	192	646	8	0	67	0	2	0	7	1	0	10	51	6	111	0	1	24	4	1	33	0	0	0	2	174	9	0	38	4	185	3	59	7	1	0	2	0	0	23	25	218	264	5	7	9	24	31	17	1	4
OTU_97.38219	4	1	1	0	3	7	5	4	19	1	0	16	3	49	0	0	0	0	4	8	1	3	3	2	2	2	0	7	7	2	0	2	2	1	3	0	0	1	0	0	3	0	2	0	0	3	0	3	2	0	1	4	0	0	1	0	0	14	0	0
OTU_97.38230	0	14	47	1	6	3	5	0	3	16	3	34	0	4	0	12	0	0	0	0	0	11	19	1	6	53	2	1	6	1	0	3	0	0	0	2	0	19	6	13	1	0	6	29	0	9	6	6	0	0	1	10	0	5	10	0	1	35	0	0
OTU_97.38331	5	31	15	0	24	16	2	22	0	16	63	1	0	2	0	0	0	1	0	0	0	6	4	4	0	0	2	1	0	1	0	0	0	0	10	1	0	1	1	16	1	1	1	0	0	0	0	0	3	1	3	9	0	1	1	1	0	1	0	0
OTU_97.38427	2	0	0	0	1	1	7	0	2	0	1	5	1	5	0	0	0	9	1	11	2	5	1	4	1	5	0	0	0	0	0	0	0	0	1	0	10	0	0	1	0	0	0	1	28	0	1	0	2	0	0	0	1	0	0	1	1	2	8	0
OTU_97.38446	0	154	60	3	16	23	31	5	232	42	6	96	2	87	0	5	0	1	26	16	4	19	3	19	2	215	117	157	8	6	0	29	1	2	5	8	1	52	51	44	5	0	137	19	8	28	27	6	0	1	2	49	1	28	59	1	0	87	0	0
OTU_97.38530	151	0	1	1	3	3	40	4	34	1	0	4	5	9	1	0	12	0	0	45	50	0	2	0	0	24	0	2	0	2	41	0	9	2	0	0	0	1	6	2	3	0	1	0	0	5	1	12	3	0	53	1	0	3	0	0	2	0	0	0
OTU_97.38586	7	3	5	2	1	1	4	0	18	3	5	4	1	1	0	0	0	7	2	9	4	6	7	4	2	10	0	2	2	3	0	0	6	0	13	0	0	1	2	2	3	0	3	1	0	2	1	0	2	1	3	0	0	1	0	2	1	0	0	0
OTU_97.38593	1	0	0	2	1	4	9	1	2	1	7	4	4	17	0	1	0	33	0	7	6	5	7	5	11	3	0	5	7	3	0	1	4	0	8	0	7	0	2	9	4	0	2	3	15	1	0	4	1	1	3	1	2	0	0	1	3	4	22	0
OTU_97.38639	28	8	3	8	5	7	43	4	44	11	18	18	3	39	0	14	0	60	66	83	40	28	40	43	83	65	12	31	13	10	16	5	44	4	60	0	2	13	13	26	11	0	9	3	7	12	8	41	0	2	22	1	5	16	0	0	4	37	21	0
OTU_97.38700	8	23	22	6	6	10	0	0	1	2	3	3	5	16	0	1	0	3	10	4	7	18	3	7	0	7	1	0	0	2	0	1	0	1	4	0	1	5	7	0	1	3	0	3	1	1	1	7	0	1	2	2	0	1	5	0	2	15	0	1
OTU_97.38737	1	0	0	1	16	16	3	9	0	1	16	3	2	42	10	0	0	18	2	2	16	20	0	0	0	0	0	0	0	0	0	1	0	1	1	0	24	0	2	0	0	1	0	0	24	0	0	0	0	2	0	1	1	0	1	4	4	0	0	0
OTU_97.38778	1	0	0	0	0	1	2	0	2	0	0	3	0	2	0	0	0	2	7	3	1	4	0	5	40	5	0	2	5	0	9	4	18	1	4	0	0	0	0	13	0	0	1	1	1	3	0	0	0	0	3	4	0	1	3	0	0	1	0	0
OTU_97.38903	23	0	0	0	0	1	7	0	13	0	0	1	0	0	0	0	3	0	1	7	15	0	0	0	0	3	0	3	0	1	14	0	1	1	0	0	0	0	1	0	0	0	0	0	0	2	0	2	0	0	6	0	0	1	0	0	0	0	0	0
OTU_97.38934	4	5	8	0	12	34	23	6	14	1	5	98	1	32	1	0	1	0	12	1	4	12	0	0	3	18	13	15	0	0	0	4	0	2	2	0	1	7	8	2	0	1	10	0	5	5	0	3	0	3	0	0	0	1	17	0	0	4	2	0
OTU_97.39066	0	0	1	0	0	0	0	8	308	0	4	0	0	0	0	0	0	0	0	0	0	0	0	0	0	0	7	0	0	0	0	196	0	0	0	0	0	0	1	0	0	0	0	0	5	0	176	0	0	0	0	0	0	0	0	0	2	28	0	0
OTU_97.39091	0	32	10	0	11	3	98	0	17	0	3	3	1	3	0	0	0	0	1	0	3	5	3	8	0	6	8	14	2	1	0	1	1	0	1	11	1	3	12	11	0	0	28	2	0	10	0	7	4	0	0	0	5	7	3	0	0	2	7	0
OTU_97.39096	0	0	0	0	0	0	0	0	0	0	0	0	0	0	0	0	0	0	0	0	0	0	0	0	0	0	0	0	0	0	0	0	0	0	0	0	0	0	0	0	0	0	0	0	134	0	0	0	0	0	0	0	0	0	0	0	0	0	0	0
OTU_97.39112	56	0	7	3	2	3	0	3	2	3	3	4	4	2	10	0	14	4	1	2	8	0	7	1	25	1	0	4	7	7	1	0	2	5	3	0	0	6	1	1	9	1	0	0	0	0	1	0	0	5	5	0	0	3	1	10	0	1	0	0
OTU_97.39115	43	0	8	5	4	36	1	26	1	6	4	40	83	3	93	4	24	11	14	7	14	1	31	12	5	0	0	19	40	30	2	2	15	37	15	3	0	12	1	7	13	0	1	3	0	0	8	31	0	0	6	3	0	3	3	0	0	54	0	0
OTU_97.39182	597	0	6	13	2	20	122	7	143	3	0	57	28	38	13	0	49	0	1	162	114	4	2	3	18	77	0	6	1	1	159	0	46	11	0	1	0	2	30	16	16	0	3	0	0	34	14	50	1	0	196	4	0	17	0	0	0	0	2	0
OTU_97.39219	0	7	6	0	9	7	1	7	0	7	46	0	0	5	0	1	0	1	0	0	0	5	7	0	0	3	1	2	2	0	1	0	0	0	8	0	0	1	1	9	3	3	2	7	0	3	1	0	2	0	8	15	0	9	5	1	1	1	1	0
OTU_97.39245	11	0	4	0	1	3	2	10	1	1	2	2	7	2	23	0	6	10	3	0	18	2	5	7	1	0	0	0	3	9	0	0	2	4	0	1	0	2	0	1	1	0	0	0	0	0	2	4	0	0	2	1	0	0	0	1	2	9	1	0
OTU_97.39246	0	7	3	1	16	1	29	0	27	6	0	3	1	2	0	2	1	0	0	0	1	6	8	12	0	2	8	17	2	1	2	3	2	0	4	4	0	2	6	16	0	0	21	28	0	4	0	1	1	0	0	1	0	2	3	0	0	2	0	0
OTU_97.39306	19	0	0	0	1	1	9	0	10	0	0	1	1	5	2	0	4	0	0	3	13	1	0	0	2	6	0	0	0	0	36	0	3	2	0	0	0	0	1	0	0	0	0	0	0	2	2	2	4	1	10	2	0	0	0	0	0	0	0	0
OTU_97.39312	0	69	40	0	9	14	23	3	117	33	16	40	0	12	0	6	0	0	11	10	4	25	9	13	1	109	33	48	5	0	0	41	2	5	6	28	0	24	38	145	2	0	72	64	4	21	17	2	0	2	2	84	0	13	203	1	1	48	1	0
OTU_97.39353	18	3	4	18	6	21	32	12	46	12	13	58	12	144	0	0	1	57	28	92	8	11	10	22	4	51	3	6	0	3	3	3	11	1	46	0	19	0	6	14	6	0	5	0	6	8	4	0	10	2	15	0	1	9	0	0	7	1	26	0
OTU_97.39423	23	4	2	7	0	8	4	4	0	4	8	5	3	4	30	0	10	9	26	25	16	9	0	5	0	2	1	0	6	3	2	0	1	6	1	0	0	0	4	0	1	0	0	3	0	2	0	9	0	0	2	3	1	0	1	1	0	0	1	2
OTU_97.3944	25	2	15	6	0	4	0	5	2	3	19	0	0	13	5	0	2	3	18	2	6	5	1	3	1	0	0	0	1	3	0	0	0	10	0	1	0	1	1	0	1	0	1	1	0	4	3	16	0	0	0	2	0	1	0	0	0	4	0	0
OTU_97.39497	22	0	9	15	2	9	4	25	2	3	3	13	34	19	32	4	3	27	17	3	46	4	9	6	25	1	0	0	30	4	0	0	2	6	3	0	4	4	1	2	6	0	1	0	4	1	3	57	0	0	11	1	0	1	0	1	16	54	5	1
OTU_97.39522	0	0	0	0	0	1	12	1	4	0	2	2	0	9	0	2	0	17	4	4	11	13	1	0	6	7	1	1	1	1	0	0	3	0	0	0	10	0	0	5	0	0	1	1	10	1	1	0	0	0	0	0	3	1	0	1	1	1	16	0
OTU_97.39544	101	0	0	12	0	3	13	4	44	2	0	1	2	6	3	0	2	0	1	19	11	1	1	0	3	13	0	0	0	1	26	0	5	0	0	0	0	0	5	3	6	0	1	0	0	6	5	5	0	0	30	0	0	0	0	0	0	0	0	0
OTU_97.39578	34	0	0	1	0	0	13	0	6	0	0	0	1	0	0	0	1	0	0	12	16	0	0	0	0	4	0	0	0	1	1	0	0	0	0	0	0	0	0	0	0	0	0	0	0	0	0	0	1	0	10	0	0	0	0	0	0	0	0	0
OTU_97.39601	10	0	3	9	1	13	4	35	0	0	9	10	18	26	36	0	3	25	8	3	48	5	3	9	0	0	0	0	1	3	0	0	1	1	7	0	0	3	0	0	2	0	0	0	1	0	1	10	0	0	2	0	0	1	0	1	4	11	4	0
OTU_97.39651	0	5	13	0	30	7	2	0	2	13	5	8	1	4	0	15	0	0	0	0	0	22	26	1	0	38	11	18	0	2	0	19	0	0	0	12	0	5	0	4	0	0	1	8	13	3	2	0	0	13	0	4	7	1	4	1	5	14	0	2
OTU_97.39679	60	0	4	4	2	10	2	9	2	1	1	8	18	12	24	0	4	6	11	2	20	2	7	5	8	0	0	3	22	7	2	2	9	15	5	0	3	4	1	1	10	0	0	0	5	0	6	35	1	0	7	0	0	0	0	3	2	46	10	3
OTU_97.39685	0	3	4	0	0	1	5	1	8	0	4	9	0	1	0	2	0	1	0	0	1	1	0	0	3	1	4	5	0	0	0	1	0	0	0	1	0	0	1	3	1	0	3	0	17	1	0	0	0	1	0	0	0	0	5	0	1	14	1	0
OTU_97.39787	41	0	5	0	4	4	2	2	2	4	1	5	10	1	23	0	4	10	0	0	10	2	39	3	0	0	0	7	0	14	0	0	0	5	0	0	0	2	1	0	2	0	0	0	0	0	0	1	0	0	1	0	0	0	0	0	26	1	22	0
OTU_97.39842	2	0	0	0	2	2	4	0	6	1	0	2	3	1	0	0	1	10	4	8	9	9	6	1	3	7	2	2	0	10	0	1	8	0	2	0	0	1	2	5	7	0	3	0	5	4	1	2	0	0	4	1	0	9	0	0	0	3	0	0
OTU_97.39846	15	0	0	2	0	4	8	3	24	0	0	3	6	5	0	0	3	1	3	28	31	1	0	7	47	4	0	0	0	3	6	1	33	2	0	0	0	1	10	0	42	0	0	0	3	4	0	17	4	0	23	0	1	6	0	0	0	0	1	0
OTU_97.39887	42	0	6	29	3	27	4	38	3	4	3	24	58	21	70	0	7	21	9	2	148	8	5	37	5	1	0	1	19	4	1	0	3	2	3	0	0	3	0	2	9	0	1	0	3	0	7	41	0	0	7	1	0	4	1	0	3	68	2	0
OTU_97.39904	2	219	89	3	29	43	6	13	230	66	8	191	4	30	0	3	1	0	21	47	5	14	3	26	2	200	135	191	25	5	2	100	2	5	18	4	0	50	81	82	0	0	129	52	0	40	27	6	0	0	1	75	0	34	150	0	0	97	0	0
OTU_97.39912	0	0	1	0	0	0	0	0	4	1	0	0	0	0	0	0	0	0	0	0	0	0	2	0	1	2	1	1	11	0	1	4	0	0	0	13	0	0	0	10	1	0	3	10	0	1	0	0	0	0	0	12	0	0	21	0	0	0	0	0
OTU_97.39925	0	1	5	0	3	4	5	0	0	3	13	2	0	0	0	0	0	0	0	0	0	2	3	13	0	1	0	0	0	0	0	0	0	0	0	2	0	0	1	4	0	4	3	4	0	0	0	0	2	1	1	3	0	12	6	5	2	0	1	0
OTU_97.39950	4	1	0	3	0	0	2	2	8	0	1	4	0	5	0	0	0	4	3	6	4	3	2	1	3	4	0	3	1	5	0	1	2	0	4	0	1	0	1	6	5	0	0	0	11	0	0	5	1	2	2	2	2	1	0	2	0	2	1	0
OTU_97.39998	13	0	2	5	1	4	1	4	0	0	1	4	12	6	18	1	2	7	6	4	15	0	3	3	2	1	0	0	5	2	0	0	2	3	2	0	6	2	0	0	5	0	0	0	1	0	2	3	1	4	3	0	2	0	0	7	3	8	11	2
OTU_97.40	0	0	5	0	3	4	23	5	210	2	0	25	0	51	0	0	1	0	1	15	28	1	2	5	7	1	7	17	2	0	0	7	33	0	7	0	0	0	0	32	11	0	1	0	1	8	7	18	0	6	0	5	0	29	0	0	0	0	4	0
OTU_97.40055	0	21	13	6	4	29	0	14	10	37	0	32	2	88	0	1	0	1	3	0	4	58	24	3	0	48	69	8	0	9	0	12	2	39	5	2	5	1	38	10	2	0	23	5	3	3	28	7	1	2	3	0	0	38	6	0	0	20	0	0
OTU_97.40125	7	3	4	0	2	1	0	1	0	5	1	2	0	3	4	0	0	1	13	5	2	11	3	0	0	0	2	0	1	2	2	5	1	6	0	1	1	10	4	0	0	1	1	1	4	1	1	3	1	1	0	0	0	0	0	2	0	0	0	3
OTU_97.40164	0	0	0	0	0	1	1	0	23	0	0	0	3	20	0	0	0	0	4	6	10	3	0	3	0	7	1	1	0	2	1	0	5	0	0	0	0	2	8	0	11	0	0	0	0	3	3	1	0	0	14	0	0	0	0	0	0	0	0	0
OTU_97.40176	4	1	1	1	2	2	3	0	3	0	3	2	1	7	0	1	2	13	4	11	5	2	3	30	9	9	0	5	7	13	2	3	10	1	10	0	0	2	1	4	2	0	0	0	3	0	3	0	0	1	3	0	1	2	0	0	2	6	7	0
OTU_97.40223	7	69	42	104	1	4	0	0	0	11	14	5	0	98	9	4	0	27	175	1	5	1	26	0	5	0	0	0	0	0	0	0	2	35	1	7	0	3	0	1	0	0	0	1	0	0	2	6	0	0	9	1	0	0	6	0	0	54	0	1
OTU_97.40226	1	8	9	0	9	5	9	7	0	5	21	2	0	0	0	0	0	1	0	0	0	0	6	10	0	1	2	0	1	1	1	0	0	0	6	0	0	1	1	5	0	3	7	5	4	0	0	0	1	5	6	4	2	58	1	5	2	0	2	1
OTU_97.40277	11	0	1	1	1	3	3	5	13	1	3	16	1	11	0	0	2	8	11	5	1	0	3	0	7	8	1	2	11	7	0	0	1	1	1	0	1	1	0	6	0	0	1	1	1	0	0	2	1	0	0	1	0	2	0	0	0	1	2	0
OTU_97.40308	88	0	3	3	0	2	48	4	46	0	0	6	2	3	3	0	24	0	0	55	54	1	0	1	32	21	0	4	3	2	61	0	22	4	0	1	0	2	5	2	4	0	2	0	1	3	8	43	1	0	29	0	0	1	0	0	1	0	0	0
OTU_97.40329	71	13	29	32	3	21	43	9	106	11	23	45	6	57	0	1	5	62	95	121	40	27	82	53	3	132	50	55	13	33	19	6	54	3	195	0	1	12	39	18	44	0	13	2	4	13	16	13	2	2	50	4	1	33	1	0	0	11	1	0
OTU_97.40335	6	16	38	0	22	23	12	25	0	15	80	1	0	2	0	4	0	3	0	0	3	11	45	4	1	10	4	1	1	3	0	0	0	1	4	5	0	0	0	12	0	1	5	0	1	4	1	0	0	0	14	19	1	5	37	1	6	1	0	0
OTU_97.40405	2	22	39	0	40	31	15	52	0	14	193	0	0	5	0	3	0	1	0	0	2	9	66	5	1	5	17	1	8	5	2	0	1	4	12	3	0	2	3	21	0	46	3	3	2	4	0	0	23	19	19	35	6	11	16	28	18	3	5	3
OTU_97.40457	1	3	2	0	0	15	1	0	17	0	4	0	0	24	6	0	0	4	11	0	4	1	3	4	3	0	0	1	0	1	4	1	4	13	0	0	0	4	1	8	3	0	0	2	0	11	1	2	0	0	5	0	0	23	0	0	0	0	0	0
OTU_97.40529	0	2	53	0	24	6	10	18	0	2	46	1	0	4	0	0	0	0	0	0	0	4	53	4	0	4	3	5	2	0	0	0	0	1	0	4	0	0	0	3	1	43	2	1	0	5	0	0	14	25	3	4	2	13	125	13	14	0	9	3
OTU_97.40548	0	2	6	0	5	1	1	4	0	5	19	0	0	0	0	0	0	0	0	0	0	1	3	4	0	0	7	0	0	0	0	0	0	0	0	3	0	0	0	10	0	2	1	0	0	0	0	0	2	3	6	23	1	11	19	1	4	0	1	0
OTU_97.40575	0	0	2	0	7	0	26	0	4	0	2	1	0	0	0	1	0	0	0	0	0	1	7	1	1	0	8	13	0	0	0	0	0	0	0	2	0	0	4	0	0	0	35	0	0	1	0	1	0	0	0	0	2	1	0	0	1	5	2	0
OTU_97.40593	587	1	123	403	52	459	62	502	36	24	87	378	591	558	1021	26	24	594	254	75	349	49	141	343	34	20	0	39	462	37	7	1	63	128	209	1	33	111	7	7	101	1	17	5	40	3	58	407	5	10	117	8	1	51	8	17	105	515	143	15
OTU_97.40598	11	1	1	1	4	2	8	4	25	0	0	10	10	4	3	0	0	0	4	15	19	7	0	3	3	14	0	7	0	1	7	2	20	1	0	0	0	2	4	2	69	0	2	0	2	2	1	5	0	0	29	1	0	6	1	0	0	0	3	0
OTU_97.40605	0	1	7	0	25	4	1	0	0	4	1	16	0	3	0	3	0	0	0	0	0	6	2	0	0	12	0	0	2	0	0	1	0	0	0	1	1	0	0	2	0	1	2	1	12	2	0	0	8	20	0	0	5	0	0	2	5	2	0	8
OTU_97.40685	1	0	0	0	3	8	10	4	4	0	2	8	2	39	0	2	0	1	0	2	4	5	0	0	0	0	0	0	0	1	0	0	0	0	0	1	0	0	0	0	0	0	1	1	1	0	0	3	1	0	0	2	0	0	0	0	0	2	2	0
OTU_97.40695	3	11	6	1	11	23	0	31	0	11	16	1	0	0	0	3	0	0	0	0	4	0	6	2	1	24	1	1	1	13	0	0	1	1	2	6	0	0	8	29	21	1	23	51	0	15	5	0	0	0	92	22	0	46	4	0	0	1	0	0
OTU_97.40699	0	6	2	2	0	1	0	0	11	11	0	2	0	3	0	0	0	0	0	3	0	3	0	1	0	8	0	0	0	1	0	0	0	0	0	1	0	2	3	12	0	0	1	4	0	1	1	10	0	0	0	5	0	2	12	0	0	137	0	0
OTU_97.40782	0	5	2	2	1	1	0	0	0	2	1	2	1	0	0	1	0	1	1	8	0	1	10	0	0	5	2	0	0	3	0	7	0	0	2	1	0	18	0	12	0	0	7	31	0	0	4	0	0	1	0	11	0	1	10	0	0	4	0	0
OTU_97.40792	1	2	0	11	1	0	11	1	65	0	1	1	0	3	0	0	0	7	2	13	17	3	0	1	0	1	0	1	0	1	0	0	4	1	0	0	0	0	0	1	4	0	0	5	2	10	0	7	0	0	0	0	2	0	0	0	3	0	0	0
OTU_97.40822	0	5	0	0	0	0	0	0	3	1	1	1	0	15	0	2	0	1	13	0	0	4	18	0	0	8	11	11	1	0	0	6	2	1	9	1	0	11	3	10	1	0	8	9	0	5	3	0	0	1	0	9	0	0	8	0	0	0	0	0
OTU_97.41051	2	0	0	5	0	2	3	5	15	1	3	8	3	3	1	0	3	1	9	20	5	3	1	6	7	2	0	0	2	2	1	0	0	0	0	0	0	1	2	1	20	0	0	0	0	0	3	16	1	0	2	1	0	3	0	0	0	0	0	0
OTU_97.41153	0	5	0	1	2	0	0	5	2	1	0	3	0	8	0	28	0	0	1	0	0	2	10	0	3	4	6	4	2	1	0	4	1	0	21	0	0	6	0	1	0	0	4	1	0	0	0	0	0	0	0	5	0	0	2	0	1	11	0	0
OTU_97.41189	14	4	12	0	0	3	0	2	2	25	0	2	3	6	0	0	0	1	0	0	0	5	2	0	0	2	0	0	0	1	0	0	0	1	0	0	0	0	12	0	0	0	0	1	0	0	0	0	0	0	0	1	0	3	0	0	0	1	0	1
OTU_97.41252	12	2	1	1	4	0	4	0	8	2	2	0	0	2	0	0	0	3	21	32	4	2	3	1	0	2	0	1	0	0	8	0	2	4	6	1	0	1	1	3	3	0	0	8	1	4	1	2	2	1	0	2	0	0	1	0	0	1	2	0
OTU_97.41260	0	5	0	0	0	1	1	0	1	0	2	0	0	3	0	0	0	3	39	0	0	5	12	7	0	11	2	1	4	1	0	3	2	0	6	1	0	15	2	6	0	0	0	11	0	1	0	0	1	1	0	6	0	0	4	0	0	7	0	0
OTU_97.41334	31	9	0	0	0	1	0	0	4	28	0	1	0	1	0	0	0	2	2	0	1	4	1	1	0	0	26	4	0	7	2	3	0	4	1	7	1	10	21	0	0	0	1	0	0	0	2	1	0	0	0	0	0	0	1	0	6	0	1	1
OTU_97.41451	3	15	2	34	18	15	133	25	137	0	0	19	0	96	0	0	0	10	3	137	30	12	6	94	0	4	1	16	5	30	7	35	33	16	59	15	5	3	2	15	28	0	15	2	72	33	21	30	9	12	12	4	6	8	14	1	35	143	68	3
OTU_97.41558	0	1	4	15	0	1	0	1	57	0	2	1	1	6	1	1	1	14	3	11	20	0	1	5	3	0	0	0	0	1	0	0	6	4	1	0	0	0	1	0	1	0	0	5	0	11	0	19	0	2	0	0	0	0	0	0	0	2	0	0
OTU_97.41564	0	4	4	0	1	3	0	0	2	3	2	0	2	0	2	0	0	3	0	0	1	1	9	0	15	1	0	0	3	5	7	17	13	62	0	0	0	5	6	0	0	0	2	0	1	1	1	2	0	0	1	0	0	0	0	0	3	0	0	0
OTU_97.41566	0	3	0	2	0	0	10	0	1	0	0	0	0	13	0	0	0	2	0	16	3	1	0	18	0	0	0	0	0	0	0	1	0	0	45	1	0	0	1	0	1	0	0	0	3	3	0	11	1	1	0	0	1	0	0	0	6	11	1	0
OTU_97.41593	47	75	45	90	5	22	38	20	182	10	25	31	26	131	20	6	4	34	145	182	87	61	63	73	14	13	10	18	6	8	66	12	56	31	263	3	0	32	15	11	25	0	3	35	2	129	34	112	7	9	3	17	4	24	24	4	6	28	11	1
OTU_97.41612	3	15	2	1	5	7	2	5	0	5	23	0	0	10	0	0	0	0	0	0	0	0	0	2	0	2	1	0	0	0	1	0	1	0	5	0	0	1	4	0	1	0	5	9	0	0	0	0	1	0	4	3	0	59	1	0	1	3	0	0
OTU_97.41649	9	3	12	0	4	1	2	1	3	2	0	0	1	36	4	0	0	7	7	5	5	4	1	5	0	0	0	0	0	0	6	0	1	0	15	0	4	5	0	0	0	0	0	1	3	0	3	2	1	1	0	0	0	0	0	1	3	3	2	2
OTU_97.41687	0	1	1	0	2	2	0	2	0	2	1	3	0	2	0	1	0	1	5	0	0	2	3	9	0	4	19	21	1	2	0	6	1	0	1	3	0	5	1	4	0	0	3	4	0	0	2	1	0	0	0	5	0	1	2	0	0	4	0	0
OTU_97.41815	0	6	4	0	6	3	2	1	1	6	9	0	0	4	0	0	0	9	7	1	0	7	4	2	1	7	2	1	1	5	0	5	0	0	5	0	0	6	2	3	0	0	1	4	1	4	0	1	0	0	0	4	0	2	5	0	1	14	0	0
OTU_97.41846	10	0	2	6	2	1	2	1	45	0	0	0	5	0	1	0	0	0	4	26	10	0	1	2	1	2	4	1	0	0	6	0	17	0	1	0	0	1	3	1	12	0	0	0	1	2	0	20	0	0	8	0	0	2	0	0	0	0	1	0
OTU_97.41849	0	37	31	9	16	18	2	3	11	8	54	8	4	155	0	10	0	33	86	16	2	93	76	16	8	45	15	30	12	23	0	33	1	4	170	16	0	39	19	35	0	0	22	48	0	13	20	5	0	4	0	21	5	3	48	2	4	78	0	0
OTU_97.41867	3	29	21	2	7	8	0	3	4	23	3	11	1	2	0	0	0	1	0	2	0	2	1	2	0	17	0	1	1	4	0	1	0	0	0	0	0	0	3	0	1	0	2	0	0	0	0	2	0	1	0	0	1	7	1	4	3	1	0	2
OTU_97.41956	15	0	0	2	0	3	7	6	14	4	2	10	4	6	0	0	9	8	10	26	19	2	0	5	0	2	0	1	2	1	5	0	0	3	0	0	0	3	4	2	12	0	1	0	0	2	1	16	0	0	4	3	0	4	0	0	0	5	0	0
OTU_97.41974	8	0	3	2	0	2	0	0	0	1	5	1	1	2	5	0	1	3	12	3	9	2	3	1	0	0	0	1	0	0	1	0	2	2	0	2	1	1	0	0	1	0	1	1	8	0	0	0	0	1	2	2	0	2	0	3	1	2	6	5
OTU_97.41993	0	4	1	0	1	0	6	0	0	1	6	2	0	4	0	3	0	6	0	0	2	18	0	1	0	4	2	2	0	4	0	0	0	1	1	3	5	0	1	2	1	1	1	5	9	1	2	1	0	3	1	4	1	3	7	1	1	1	0	9
OTU_97.42	0	0	0	6	0	8	5	11	10	0	0	3	2	2	0	0	5	0	4	4	0	0	3	0	0	2	1	9	10	5	0	1	24	2	4	1	0	7	5	0	11	0	5	1	0	4	4	5	0	1	29	0	0	5	4	0	0	0	0	0
OTU_97.42136	9	18	1	19	0	3	3	4	21	0	3	6	5	54	0	3	1	11	18	48	25	13	14	12	0	4	2	4	2	0	8	5	28	9	61	1	0	5	6	7	11	0	2	6	6	22	4	15	0	1	0	0	1	8	0	1	2	6	6	0
OTU_97.42194	7	0	1	2	0	1	1	0	5	2	0	0	0	3	2	0	1	0	1	1	11	1	0	2	8	2	0	1	3	1	4	1	13	0	11	0	0	2	2	0	12	0	2	0	1	1	1	5	0	0	8	0	2	1	0	0	0	1	2	0
OTU_97.42206	7	6	0	0	0	0	2	0	2	6	1	2	0	4	0	0	0	5	1	0	0	20	0	0	0	2	3	0	0	2	2	3	1	14	0	0	1	0	5	1	0	0	1	1	0	1	0	1	0	0	0	1	0	1	0	0	3	0	0	1
OTU_97.42207	1	0	1	0	4	2	2	0	2	0	1	1	0	12	0	0	0	2	1	1	0	1	1	1	5	1	2	28	2	2	1	0	0	4	0	1	0	28	7	0	1	0	0	0	4	0	0	0	1	0	0	2	0	6	1	0	0	0	0	0
OTU_97.42209	7	5	5	1	1	2	0	1	2	2	1	1	0	7	2	0	1	3	12	7	2	1	2	1	0	0	1	1	0	0	9	0	0	2	8	0	0	16	2	0	1	0	0	0	0	0	1	0	0	0	1	0	2	1	0	0	1	4	0	0
OTU_97.42242	2	0	1	0	0	0	2	1	2	2	0	1	2	5	0	0	6	2	8	23	7	0	0	2	11	0	0	0	2	3	9	0	10	1	1	0	0	0	1	0	4	0	0	0	2	1	0	6	0	0	0	0	0	1	0	0	0	1	0	0
OTU_97.42275	46	3	2	11	0	0	1	0	3	2	2	2	2	9	12	0	3	9	11	19	8	7	10	5	0	4	0	0	1	0	11	1	1	2	2	3	2	0	4	9	0	0	1	1	3	1	2	2	0	0	2	1	1	1	3	2	0	7	1	0
OTU_97.42278	1	2	0	0	1	9	9	3	1	2	6	1	0	39	0	0	1	17	2	0	1	24	2	4	0	4	2	0	1	1	0	1	0	7	6	1	4	3	7	0	1	1	2	1	0	0	1	0	0	0	1	1	0	0	0	0	1	0	0	6
OTU_97.42321	8	2	13	2	0	2	1	2	0	1	0	0	0	1	1	2	1	2	31	3	4	0	2	3	2	3	0	0	6	1	0	0	4	11	7	0	0	3	4	0	1	0	0	1	0	0	0	1	0	0	2	2	0	4	0	3	0	2	0	0
OTU_97.42345	12	7	6	2	7	0	1	0	13	4	1	4	4	18	0	1	1	10	5	15	13	2	2	5	1	0	3	8	0	0	17	0	9	3	13	0	2	4	0	0	0	0	1	1	10	1	1	0	2	1	0	1	1	0	1	4	6	0	8	1
OTU_97.42356	1281	104	176	972	35	235	21	170	66	121	91	187	292	444	959	20	228	235	1207	1060	442	245	20	294	120	127	35	69	337	138	99	12	221	374	219	11	31	299	356	29	211	9	22	72	19	90	102	609	5	12	163	46	7	74	25	37	30	158	15	49
OTU_97.42393	1	4	1	3	1	0	6	0	54	0	0	1	0	11	0	1	0	6	0	22	8	2	13	1	0	2	0	0	0	0	0	3	6	0	6	3	1	0	2	0	10	0	0	0	1	6	2	4	11	2	0	0	7	4	0	0	9	20	8	2
OTU_97.42406	2	2	2	2	1	3	3	1	6	0	2	2	2	2	2	2	0	1	4	10	16	8	2	0	0	2	0	0	1	1	3	3	3	1	5	0	0	1	0	1	1	0	0	1	12	2	0	8	1	1	0	0	1	1	0	0	4	2	4	1
OTU_97.42422	318	119	104	288	7	82	8	65	36	54	40	30	69	263	143	2	63	98	826	415	189	89	7	78	19	65	15	34	56	52	27	12	56	110	82	2	2	104	175	16	77	0	18	99	3	63	56	146	1	1	49	38	1	36	62	6	6	27	2	8
OTU_97.42432	1	10	9	0	0	4	2	4	0	5	2	0	1	3	0	1	0	0	4	1	1	5	2	1	7	0	0	0	2	0	0	2	3	8	1	0	0	2	0	0	0	5	0	3	0	1	0	5	0	0	1	1	0	1	0	1	0	23	0	0
OTU_97.42447	0	11	2	1	0	1	1	0	1	2	3	2	0	6	0	0	0	0	9	0	0	4	8	2	1	6	4	2	2	2	0	2	0	1	2	1	0	9	5	2	0	0	6	1	0	3	0	0	0	1	0	1	0	0	2	0	0	2	0	0
OTU_97.42450	2	0	0	0	0	0	6	0	6	0	1	2	0	1	0	0	1	4	1	18	26	0	0	1	0	0	2	5	0	0	7	0	8	1	0	0	0	3	2	3	2	0	0	1	0	0	0	3	0	0	1	0	0	0	0	0	0	0	0	0
OTU_97.42482	7	5	3	3	0	1	1	1	0	1	1	0	8	0	2	0	0	2	26	2	5	5	0	1	1	2	1	0	1	0	1	0	0	0	0	0	0	1	2	0	0	1	0	8	3	6	1	3	0	0	3	2	1	0	4	0	0	0	1	0
OTU_97.42494	4	9	4	4	4	4	9	3	40	2	4	2	5	3	2	1	2	8	7	40	33	15	8	4	1	2	0	0	1	1	2	3	4	1	2	1	0	0	1	0	2	0	3	0	6	15	0	4	1	0	0	1	0	0	0	0	15	2	7	0
OTU_97.42502	1	5	7	0	1	6	0	6	0	3	1	3	4	3	0	5	2	0	4	0	5	3	17	2	5	0	1	0	1	2	0	2	1	3	0	1	0	7	0	1	1	5	0	7	1	1	3	3	0	0	0	5	0	2	0	0	0	20	1	0
OTU_97.42589	5	0	0	3	1	0	5	1	5	0	1	0	10	5	0	0	1	6	3	3	8	8	1	1	4	1	0	0	0	1	2	0	3	3	0	0	0	0	0	3	3	0	0	0	1	1	0	3	0	0	3	1	0	0	2	1	1	0	2	0
OTU_97.42615	23	1	1	3	0	3	14	3	20	8	4	2	5	5	0	0	2	8	21	48	13	8	0	8	3	2	2	0	3	1	6	0	7	0	3	0	1	1	1	0	6	0	0	1	0	0	0	7	2	5	0	0	4	1	0	1	0	1	0	0
OTU_97.42626	2	50	36	9	1	20	0	5	9	15	12	29	4	156	1	20	0	16	213	13	0	38	76	60	3	43	44	43	32	9	0	43	7	12	166	11	0	45	22	22	3	0	27	48	1	48	36	12	0	0	0	23	1	10	18	0	0	106	0	0
OTU_97.42628	0	4	6	1	9	5	2	1	1	0	7	13	6	10	1	1	0	8	7	2	1	6	6	1	2	1	0	6	2	4	0	10	1	2	9	1	2	0	1	0	0	1	2	2	17	0	0	0	4	10	0	1	14	0	5	3	11	4	6	2
OTU_97.42658	8	0	0	1	0	1	9	1	4	0	2	0	2	2	0	0	2	5	7	19	14	5	1	2	2	2	0	1	1	0	4	0	0	2	1	0	0	0	1	0	2	0	0	0	5	0	0	7	0	0	0	4	1	0	0	0	0	0	3	0
OTU_97.42662	172	1	13	41	1	15	66	25	64	11	9	14	15	71	2	0	5	53	146	228	45	31	0	6	5	17	4	3	1	2	3	0	2	7	6	0	0	0	3	0	15	0	0	0	6	0	0	13	0	0	6	2	3	2	0	3	0	1	3	0
OTU_97.42663	18	0	1	13	1	2	6	10	17	4	3	18	13	15	5	0	33	5	23	28	15	12	9	7	63	2	10	10	5	25	50	5	25	16	4	0	0	83	96	19	83	0	4	11	1	17	6	215	2	0	35	33	0	14	3	0	1	19	5	0
OTU_97.42688	0	2	2	1	3	7	10	4	0	14	16	1	1	9	0	0	1	11	3	0	0	21	4	7	0	3	3	1	0	1	0	0	0	3	2	0	2	2	5	0	0	5	1	2	2	0	4	3	3	8	0	2	2	1	0	0	0	0	1	20
OTU_97.42789	0	0	0	1	30	6	5	8	1	1	0	2	0	42	0	1	0	15	4	0	1	4	8	2	0	3	1	3	1	0	0	0	0	0	1	2	20	3	0	2	0	0	1	1	17	0	0	0	9	7	0	1	10	0	0	0	7	1	7	2
OTU_97.42805	58	33	10	3	5	35	6	24	2	42	7	35	12	45	0	3	5	61	4	11	5	69	1	13	1	40	25	8	5	0	1	4	3	31	9	0	10	29	107	1	0	17	12	3	0	6	10	4	0	6	3	12	3	14	2	2	32	2	0	22
OTU_97.42820	0	0	0	0	7	4	6	4	2	0	0	4	9	35	1	0	1	12	0	2	13	12	2	1	0	0	0	0	0	0	0	3	1	1	1	0	2	1	0	0	3	0	0	0	12	1	1	2	0	1	1	0	2	1	0	2	0	0	22	0
OTU_97.42824	0	1	0	5	3	2	1	3	3	2	1	1	1	25	2	1	0	9	4	3	0	2	1	0	0	0	0	0	0	0	0	0	0	0	1	0	5	0	0	0	2	0	0	0	5	0	0	0	0	5	2	0	5	3	0	0	2	0	5	0
OTU_97.42838	78	3	12	22	2	39	74	92	69	16	10	117	106	65	16	0	16	59	86	156	65	21	2	23	4	14	9	9	10	12	24	0	13	15	11	0	2	9	12	1	45	3	0	1	19	5	5	41	9	0	29	1	3	9	0	10	3	0	16	1
OTU_97.42852	5	7	5	1	6	0	1	1	1	4	10	9	2	4	0	2	0	3	1	3	1	8	3	5	6	7	4	5	0	1	1	1	0	0	2	1	3	2	4	3	0	1	3	5	6	0	1	2	2	23	0	5	9	2	4	15	5	0	0	64
OTU_97.42854	137	2	18	52	1	50	72	83	133	16	13	106	80	77	5	0	49	27	246	343	55	41	3	63	38	14	7	4	25	22	95	0	60	39	18	0	1	32	58	5	176	0	0	1	1	10	11	173	2	0	59	20	0	34	0	2	0	13	0	0
OTU_97.42855	9	18	10	1	2	3	2	14	1	10	9	7	3	5	0	16	1	6	1	4	0	11	1	1	1	9	1	0	1	0	0	1	0	0	1	1	4	1	5	1	1	3	6	1	11	2	0	5	4	16	0	1	7	6	2	21	5	6	1	56
OTU_97.42864	857	5	55	370	10	111	221	161	512	97	54	244	283	759	37	5	134	147	846	1333	374	227	48	397	264	125	121	147	234	84	424	3	326	267	230	2	19	78	160	20	631	3	2	2	69	48	59	662	11	5	400	57	3	167	0	7	20	42	43	3
OTU_97.42866	78	0	2	35	1	6	27	16	18	2	2	8	14	25	4	0	2	20	21	27	39	6	1	1	5	22	0	2	0	4	6	0	4	2	1	0	0	1	1	2	13	0	0	0	0	0	2	3	1	0	4	0	1	1	0	3	0	0	1	1
OTU_97.42870	4	0	0	2	0	3	4	3	2	2	0	3	7	4	1	0	2	1	7	17	1	2	2	1	4	0	1	0	0	1	5	1	0	2	0	0	0	0	1	0	3	0	0	0	3	0	1	6	1	0	3	1	0	0	0	0	0	0	0	0
OTU_97.42878	5	1	1	0	3	13	4	21	0	4	7	20	0	29	0	0	1	104	1	1	1	39	0	4	0	10	56	16	4	1	0	2	1	17	8	0	15	72	100	0	0	21	16	1	0	1	9	3	2	6	5	3	4	3	0	13	17	0	0	29
OTU_97.42905	1	0	0	0	15	4	0	0	0	0	0	1	0	8	0	0	0	11	1	0	0	3	0	0	1	0	0	0	1	0	0	3	0	0	1	0	1	0	0	0	0	0	0	0	13	1	0	0	4	2	0	0	5	0	0	2	7	0	31	0
OTU_97.42917	13	0	0	14	1	1	13	0	11	2	3	0	4	14	0	0	0	2	27	29	9	6	1	3	1	1	0	0	3	1	0	0	0	3	4	0	3	1	1	2	6	0	0	0	5	2	2	6	1	0	2	1	2	6	0	0	0	0	0	0
OTU_97.42930	2	1	1	2	4	3	10	3	1	3	3	3	2	8	0	0	0	10	2	0	2	23	6	8	2	2	1	0	0	1	0	0	1	8	5	0	3	4	12	0	0	0	0	1	1	1	4	12	0	0	0	5	0	0	1	0	4	5	1	0
OTU_97.42938	9	34	15	1	2	8	5	7	1	14	17	3	5	9	0	0	0	14	3	7	2	25	3	11	0	17	3	12	0	5	0	7	0	7	4	0	4	5	8	3	0	3	7	16	0	1	3	1	1	3	1	13	3	6	17	5	8	0	0	11
OTU_97.42948	17	16	5	0	2	18	1	8	2	30	10	8	2	12	0	0	3	15	2	2	1	27	2	6	0	4	5	1	0	1	0	1	1	17	1	0	15	5	17	1	2	2	0	0	8	0	4	0	2	8	0	2	9	0	1	14	2	0	0	38
OTU_97.42967	0	0	1	0	34	7	3	1	1	0	28	0	0	27	0	0	0	23	0	0	3	20	0	1	1	1	5	4	1	0	0	1	0	0	2	1	13	1	1	0	0	0	0	0	3	1	2	0	2	0	0	0	0	0	1	0	16	3	8	0
OTU_97.42986	3	16	5	0	2	7	2	4	2	8	12	1	2	9	0	0	1	5	0	3	1	12	0	2	0	3	0	0	0	0	0	1	0	2	0	1	5	0	1	2	0	0	5	0	1	1	2	1	0	4	0	0	4	5	1	1	2	1	0	16
OTU_97.42987	0	3	1	1	2	2	12	0	1	3	6	0	0	9	0	6	0	19	1	1	1	44	2	10	0	12	8	1	0	0	0	2	1	4	1	4	3	1	3	1	1	1	1	15	6	1	3	2	1	1	1	14	0	2	3	2	15	3	2	15
OTU_97.42989	14	32	32	0	5	5	6	3	0	30	2	19	7	3	0	1	4	4	0	5	1	14	4	3	1	16	1	0	2	10	0	0	0	2	2	0	0	4	17	1	0	2	0	2	0	6	8	8	0	1	4	2	0	2	3	0	1	10	0	5
OTU_97.42996	2	1	3	2	0	1	0	1	2	1	0	0	1	1	0	0	1	0	0	8	19	2	1	1	8	18	0	2	1	5	0	0	18	2	13	0	1	0	1	0	8	0	0	0	4	0	0	5	0	0	1	1	0	1	0	0	0	0	5	0
OTU_97.43000	7	36	43	3	2	6	5	2	1	33	6	1	0	5	0	0	0	6	0	6	1	9	0	9	0	24	3	7	0	4	0	0	0	1	2	2	2	1	27	3	1	0	0	2	0	1	0	5	2	8	1	2	9	7	5	9	8	0	0	17
OTU_97.43010	2	13	0	2	1	23	29	12	1	7	18	11	2	71	0	0	6	44	7	0	0	54	9	27	0	11	4	1	5	0	0	0	2	10	24	0	10	10	19	2	3	3	4	9	4	0	5	4	2	1	4	25	0	0	0	0	14	0	1	9
OTU_97.43012	63	0	4	19	0	2	31	17	27	1	0	11	32	10	10	0	2	13	15	34	89	5	5	13	25	25	0	25	4	16	17	0	23	7	31	0	0	1	14	0	37	0	0	0	2	0	4	46	0	0	31	1	0	9	0	0	0	5	7	0
OTU_97.43017	1	1	1	3	3	15	11	7	5	1	2	2	7	27	2	6	1	5	1	13	34	5	38	1	6	17	2	9	0	15	2	3	15	0	11	1	1	27	2	7	5	0	8	9	14	0	2	9	1	0	0	2	0	3	1	0	1	8	23	0
OTU_97.43020	0	4	4	0	4	0	0	1	0	1	8	4	0	7	0	0	0	6	18	3	0	8	2	7	0	5	1	0	0	0	0	0	0	1	0	0	2	1	0	1	0	0	0	0	4	0	0	3	2	2	0	1	2	0	1	0	0	10	0	0
OTU_97.43028	21	0	1	2	0	2	8	13	7	0	0	7	15	5	9	0	6	5	4	6	28	3	2	1	14	6	0	7	1	23	11	0	10	4	1	1	0	10	10	11	29	0	1	0	8	0	4	74	0	0	12	3	0	2	1	0	0	6	7	0
OTU_97.43046	18	0	1	2	0	3	3	1	10	2	0	5	2	3	0	0	4	1	3	7	9	4	0	0	1	1	0	0	2	1	84	2	35	40	0	0	0	3	4	0	9	0	0	0	3	1	0	2	2	0	4	0	0	1	0	0	0	0	3	0
OTU_97.43049	7	0	0	2	0	7	12	13	7	0	1	17	36	11	5	0	9	10	4	5	18	10	2	2	38	1	4	2	8	5	27	2	37	22	1	0	0	5	16	2	26	0	1	1	1	3	4	54	1	0	15	3	0	4	0	0	0	5	6	0
OTU_97.43057	0	28	4	7	5	7	2	12	0	4	4	7	1	10	0	3	0	4	5	14	1	6	24	2	1	10	18	13	3	1	0	16	4	1	42	0	17	24	3	4	5	0	15	3	9	2	9	0	13	28	0	1	21	3	3	9	6	2	2	4
OTU_97.43068	8	1	0	1	0	3	0	1	2	3	0	1	3	5	0	0	0	1	2	4	5	1	0	1	7	0	2	0	8	2	6	0	4	4	2	0	4	3	1	0	4	1	0	0	4	1	1	9	3	0	4	0	0	1	0	4	0	0	1	0
OTU_97.43072	20	51	15	3	12	47	16	22	2	24	22	16	24	54	2	21	1	40	7	9	2	75	6	35	6	23	11	1	0	1	0	2	0	23	28	0	14	6	5	3	0	0	4	16	15	4	8	53	9	15	1	15	6	8	1	2	13	11	3	71
OTU_97.43092	4	1	1	1	1	0	3	1	3	1	2	1	5	2	1	0	2	1	5	17	11	7	2	15	1	0	2	2	1	3	5	1	4	3	0	0	0	0	0	1	0	0	1	1	8	0	1	8	0	0	2	4	1	1	0	1	1	3	0	0
OTU_97.43098	49	110	62	4	6	24	11	18	4	38	24	15	11	35	0	7	2	12	0	22	6	54	2	66	0	43	3	12	2	11	1	11	1	11	14	3	5	6	26	8	1	0	19	14	4	12	6	1	1	6	6	5	3	23	19	3	6	5	1	21
OTU_97.43120	0	0	2	1	3	4	0	4	1	5	1	4	0	10	0	0	1	16	0	0	1	17	0	8	0	1	5	0	0	0	0	0	0	5	3	0	7	4	5	0	0	8	1	2	1	2	4	4	0	0	0	1	0	0	0	0	1	1	1	7
OTU_97.43147	0	141	228	10	207	160	19	37	12	150	32	329	29	110	0	79	0	1	0	0	8	75	316	17	9	393	51	62	37	10	1	175	0	4	1	18	1	168	91	77	0	4	69	143	11	69	42	7	16	33	8	38	20	54	112	6	38	89	1	5
OTU_97.43162	0	4	2	0	70	7	5	0	0	3	3	11	2	9	0	9	0	0	0	0	2	17	5	2	0	6	3	3	3	1	1	18	0	2	0	3	0	4	6	2	0	2	0	5	6	2	0	1	2	9	0	1	3	4	3	0	4	6	0	2
OTU_97.43185	0	0	2	0	1	3	3	0	1	3	0	2	0	1	0	13	0	0	0	0	0	16	3	1	11	3	1	0	3	0	0	2	0	7	0	3	6	2	2	0	0	0	0	1	1	1	0	3	1	0	0	0	0	0	2	0	0	10	0	0
OTU_97.43205	0	4	9	0	1	0	0	0	0	5	13	0	0	0	0	1	0	0	0	0	0	3	3	3	0	2	1	0	1	1	0	0	0	2	2	11	0	0	0	15	0	2	1	6	0	1	0	0	0	1	5	40	0	5	12	0	6	1	0	0
OTU_97.43258	14	5	9	5	26	21	51	10	17	4	24	21	5	96	0	0	0	140	6	31	21	17	25	21	0	10	7	4	2	6	1	1	2	0	24	0	62	4	3	5	10	0	3	1	37	5	2	2	15	3	9	0	3	6	0	0	5	1	41	0
OTU_97.43265	3	12	157	0	15	13	2	24	0	7	15	21	0	0	0	0	0	0	0	0	0	1	221	9	1	3	6	8	22	4	0	0	0	5	4	1	0	0	3	4	0	39	48	2	0	39	1	0	5	29	4	13	7	310	118	17	5	1	0	3
OTU_97.43301	0	3	1	0	3	0	0	2	13	3	0	2	0	4	0	2	0	0	0	3	0	1	1	2	0	3	2	4	0	0	0	3	0	0	0	0	0	5	5	2	0	0	7	3	0	1	2	2	1	2	1	0	2	3	2	0	0	20	0	0
OTU_97.43346	20	188	508	0	400	240	126	337	1	103	942	8	0	49	0	8	0	19	0	0	9	60	1007	69	25	10	69	49	132	17	1	0	0	35	103	17	2	13	21	131	0	506	44	4	21	123	14	6	188	277	179	213	74	6	523	135	236	17	76	62
OTU_97.43466	2	14	4	0	5	2	0	5	1	34	1	5	3	0	0	53	0	0	0	1	1	2	1	0	19	2	2	4	10	0	3	11	1	14	0	1	0	1	15	0	0	0	2	2	0	1	1	37	1	0	0	0	1	7	2	0	0	26	0	0
OTU_97.43549	0	16	32	0	47	1	2	0	0	26	7	22	2	3	0	0	0	0	0	1	1	21	5	20	3	33	12	9	4	3	0	39	0	1	0	3	0	12	6	25	0	5	2	30	6	5	0	0	10	29	0	17	9	2	20	4	1	2	0	6
OTU_97.43593	0	0	0	1	0	0	17	0	13	0	4	2	16	2	1	0	0	1	3	3	16	2	1	8	1	1	0	13	0	0	2	0	1	0	1	0	0	1	4	2	2	0	0	1	11	1	0	6	0	0	8	0	9	0	0	0	0	2	2	0
OTU_97.43676	0	9	1	0	24	0	0	0	1	0	0	0	6	0	0	0	0	0	0	1	0	0	0	0	0	5	1	0	1	0	0	1	0	0	1	4	0	7	0	5	2	6	25	2	0	1	0	1	2	0	0	0	0	0	0	0	0	2	0	0
OTU_97.43685	0	82	101	2	30	30	8	3	2	63	12	49	4	19	0	108	0	0	0	0	2	48	50	8	26	133	13	12	8	2	0	204	0	10	0	41	0	28	12	75	0	0	23	116	0	32	14	1	1	6	2	74	1	23	114	1	7	58	0	1
OTU_97.43758	0	1	3	4	4	2	9	0	13	1	0	0	0	2	0	0	0	0	1	9	9	3	27	3	0	22	7	7	0	0	0	4	8	0	0	0	0	0	7	0	9	0	6	0	0	0	0	4	0	0	4	2	0	9	0	0	1	9	0	0
OTU_97.43843	26	1	11	4	0	2	1	0	0	2	4	2	0	3	1	0	0	1	18	5	0	1	0	4	0	1	0	0	2	0	0	1	0	9	0	1	0	11	0	0	0	0	0	0	0	1	0	8	0	0	2	0	0	1	0	0	0	2	0	0
OTU_97.43848	16	0	13	2	2	7	0	7	1	1	0	6	11	12	12	1	2	2	5	0	27	2	12	2	1	0	0	0	12	4	1	0	0	0	3	0	1	1	0	3	0	0	0	0	1	0	4	3	0	0	0	0	0	1	0	0	0	6	0	0
OTU_97.43859	0	32	9	0	11	3	5	2	42	12	0	20	2	0	0	0	0	0	2	3	3	7	1	4	0	22	15	35	1	0	0	8	0	2	1	14	1	4	1	59	2	0	16	25	2	3	6	0	0	0	0	45	0	3	77	0	0	6	0	0
OTU_97.43881	1	12	645	0	11	11	2	49	0	13	31	2	0	0	0	1	0	1	0	0	1	9	1133	24	4	2	4	8	119	4	0	0	0	13	2	5	0	2	31	16	0	5	69	1	0	105	5	7	0	3	5	31	0	29	463	2	3	5	2	0
OTU_97.43910	42	0	4	9	3	12	3	7	2	3	0	13	31	6	35	1	16	9	5	3	14	1	10	5	3	0	0	1	6	4	0	0	1	0	3	0	1	1	0	0	6	0	2	0	3	0	3	3	1	4	11	0	1	4	1	9	1	3	1	5
OTU_97.43924	19	32	43	6	6	24	0	4	3	13	15	6	5	47	0	5	0	9	26	14	12	47	14	7	6	10	1	1	24	0	0	3	0	20	8	2	3	35	10	2	0	4	3	20	1	5	4	23	0	1	1	12	0	1	7	1	1	94	0	1
OTU_97.43971	9	83	127	0	87	42	0	61	0	107	87	3	1	13	0	1	0	0	0	0	1	5	143	6	3	3	189	83	18	26	0	0	0	2	17	0	0	9	3	14	0	30	10	0	5	6	1	0	32	19	36	13	6	17	19	20	5	2	3	4
OTU_97.43982	0	0	0	0	3	0	0	2	12	0	0	0	0	0	0	0	0	0	1	0	55	0	4	0	10	0	0	2	23	3	14	0	60	2	0	0	0	0	0	0	3	0	0	0	7	0	2	65	12	0	2	0	0	0	0	0	0	16	5	0
OTU_97.44048	109	0	2	5	0	1	50	0	46	1	0	4	1	5	1	0	15	0	0	39	56	0	0	0	10	20	0	1	2	0	17	0	5	2	0	0	0	0	4	3	4	0	2	0	0	8	4	7	1	0	45	1	0	2	0	0	2	0	0	0
OTU_97.44093	0	2	0	0	0	9	2	11	1	2	0	11	0	1	0	0	1	9	0	1	1	6	0	4	0	3	0	1	1	1	0	0	0	1	1	0	1	5	15	0	0	4	1	0	0	0	0	2	1	0	3	3	1	1	0	3	4	1	0	3
OTU_97.44129	8	7	10	1	2	3	1	1	1	2	6	1	6	3	0	0	3	2	12	2	1	1	9	3	4	4	3	1	1	4	0	1	0	4	4	2	0	6	3	5	0	1	1	6	0	5	0	1	0	0	4	6	1	5	3	0	0	1	0	1
OTU_97.44157	8	50	28	2	10	35	14	34	4	37	20	40	15	65	0	0	0	38	10	16	1	125	13	13	0	22	10	0	7	2	0	0	0	2	15	0	10	7	12	2	4	7	9	4	10	4	11	7	1	11	2	1	2	11	0	16	13	2	2	23
OTU_97.44158	0	4	2	1	2	9	7	8	0	10	7	9	1	13	0	2	1	6	0	0	0	30	0	3	0	9	0	0	0	0	0	0	0	0	5	0	2	1	3	1	1	1	0	1	0	0	3	3	0	1	0	1	0	1	0	0	1	1	0	6
OTU_97.44188	5	9	2	1	3	4	28	5	2	12	30	5	0	27	0	0	0	28	15	0	1	147	5	19	0	23	7	0	0	1	1	0	0	5	4	3	6	3	8	0	1	3	3	3	2	0	2	21	0	3	0	6	0	0	2	8	16	4	2	4
OTU_97.44228	8	11	12	0	7	8	5	6	2	4	12	7	13	7	4	12	3	5	19	7	16	34	28	32	2	19	1	0	2	8	4	5	12	15	1	1	0	38	49	34	5	2	4	71	1	11	13	22	1	0	6	45	0	7	37	0	1	16	0	5
OTU_97.44294	8	10	17	1	5	11	1	6	2	5	7	5	4	1	3	1	4	4	6	2	5	2	3	3	1	4	8	6	4	12	0	2	0	9	1	0	0	9	9	3	1	0	1	4	0	0	1	1	0	0	0	3	0	0	6	0	0	3	0	0
OTU_97.44308	0	5	0	0	0	7	2	3	0	0	2	4	6	6	0	0	0	1	3	9	2	19	1	1	0	0	0	0	4	3	4	0	4	14	2	0	0	0	0	0	0	0	1	0	0	1	0	0	0	0	0	0	0	0	0	0	2	2	0	0
OTU_97.44375	30	45	106	0	37	3	0	2	10	37	1	0	4	0	0	0	0	1	1	0	1	0	123	0	2	1	6	2	7	38	11	60	60	232	0	12	0	87	107	0	6	0	5	0	0	12	14	0	0	1	6	0	0	8	0	0	4	2	2	1
OTU_97.44406	29	63	46	0	10	4	6	2	4	74	13	7	3	2	0	1	1	22	2	15	2	56	4	28	0	59	8	5	0	13	1	2	0	7	6	33	4	10	22	7	0	0	6	16	0	6	4	5	2	4	4	14	1	3	20	12	3	5	0	12
OTU_97.44427	25	96	86	32	38	145	16	119	18	6	43	26	73	293	139	4	12	164	128	68	94	63	1	10	2	17	1	6	2	13	0	7	9	22	43	3	3	10	28	0	8	0	10	36	13	25	8	6	3	2	6	8	1	7	18	10	10	16	22	16
OTU_97.44452	0	9	5	0	2	2	0	0	1	5	2	2	0	0	0	0	0	2	0	3	0	9	0	0	0	5	0	0	1	2	0	0	0	1	2	5	1	1	1	4	0	1	0	6	9	2	3	7	0	1	0	6	0	2	13	2	0	2	0	3
OTU_97.44458	0	5	2	5	0	0	1	0	3	0	2	0	0	6	2	0	0	0	9	9	5	7	1	13	0	0	0	0	1	0	2	0	0	0	18	0	0	0	1	0	2	0	0	0	1	2	0	6	0	0	1	0	0	2	0	0	0	2	0	0
OTU_97.44484	14	0	0	0	2	1	6	1	2	0	1	4	0	3	0	0	1	3	6	2	2	1	2	2	4	3	1	1	2	3	19	1	2	3	3	0	0	2	0	3	0	0	1	0	0	0	2	1	0	0	2	1	0	2	0	0	0	3	0	0
OTU_97.44523	6	18	17	1	1	4	0	6	3	3	13	3	4	3	2	1	4	2	17	1	4	6	12	5	0	7	9	5	2	1	1	4	2	8	1	1	0	16	13	7	0	1	2	11	1	5	2	0	0	0	0	15	0	2	9	0	0	1	0	0
OTU_97.44532	1	4	0	2	9	8	0	2	5	0	4	11	5	1	0	0	0	0	1	0	2	9	1	1	0	12	0	0	0	2	0	1	2	0	1	9	1	1	16	1	0	0	6	2	16	0	0	1	0	0	0	2	0	0	4	0	2	7	10	0
OTU_97.44545	16	0	1	7	0	19	1	8	1	2	7	8	4	3	84	0	9	7	11	19	6	2	0	1	1	1	0	0	2	2	1	0	2	2	2	0	0	1	2	0	1	0	0	0	4	0	0	17	0	0	1	0	0	0	0	0	0	0	0	2
OTU_97.44550	15	32	39	0	18	10	4	4	6	12	8	1	6	5	2	0	0	3	7	1	5	11	14	0	0	3	2	2	0	6	1	9	4	35	0	4	0	7	1	3	3	1	3	4	3	2	1	1	0	0	0	0	0	5	0	1	21	0	4	1
OTU_97.44564	9	20	12	0	4	3	0	2	0	7	0	3	6	2	1	1	0	3	1	0	0	0	18	0	0	1	21	3	9	5	0	2	3	3	0	1	0	35	28	0	2	3	2	0	0	8	2	0	0	0	0	0	0	0	0	0	3	0	0	0
OTU_97.44565	24	22	2	34	0	94	0	113	1	2	3	56	51	19	369	0	24	9	128	50	28	7	2	15	0	8	0	5	7	8	2	0	6	5	17	1	1	18	28	0	13	0	4	5	0	9	8	18	1	0	4	2	1	2	5	3	0	1	0	1
OTU_97.44566	8	6	19	0	2	2	0	2	3	7	0	0	0	0	0	0	4	0	1	0	1	1	9	0	0	1	1	2	1	2	0	0	0	7	0	6	0	2	4	0	0	3	0	4	0	2	1	0	0	0	0	5	0	3	1	1	0	0	0	0
OTU_97.44581	3	1	0	0	11	9	8	10	2	0	5	6	3	67	0	0	0	7	2	1	1	9	0	4	8	0	0	0	5	0	0	1	0	1	1	0	2	0	1	0	2	0	1	0	3	1	2	3	1	1	0	1	0	3	0	0	4	12	4	0
OTU_97.44594	123	746	598	24	68	313	27	164	4	166	49	29	72	146	17	7	16	64	116	43	36	99	278	57	8	40	3	13	9	12	1	2	4	21	24	4	103	401	35	10	7	196	11	146	10	28	24	63	7	11	16	44	7	19	10	36	91	95	15	154
OTU_97.44629	3	17	42	0	14	2	0	0	7	16	1	2	1	1	2	0	0	5	3	0	5	1	81	0	0	1	10	9	17	18	3	19	16	87	0	0	0	41	53	0	2	0	2	0	0	5	7	1	0	1	5	0	1	6	0	0	9	0	1	0
OTU_97.44630	2	0	1	0	1	3	1	0	0	1	6	1	4	0	2	6	0	0	3	4	28	28	1	14	2	4	0	0	0	1	0	0	2	0	0	0	1	3	0	1	0	6	1	2	2	1	0	2	2	0	0	0	1	1	0	3	1	1	0	3
OTU_97.44656	7	108	163	5	2	14	1	12	2	6	6	0	2	6	0	0	1	4	23	15	4	10	75	6	0	4	4	6	2	3	0	8	3	12	0	4	1	103	14	8	2	12	0	128	0	10	15	3	0	0	1	38	0	7	3	2	1	25	0	3
OTU_97.44665	4	18	7	4	7	37	6	18	4	20	15	10	5	124	0	5	0	30	16	2	0	42	11	25	4	70	2	0	3	0	0	1	1	18	28	0	0	0	4	0	1	0	2	13	0	0	5	24	0	1	2	24	2	3	1	3	2	15	0	2
OTU_97.44693	149	31	267	96	5	63	13	53	18	31	45	32	116	49	183	3	130	62	922	84	76	56	2	163	61	30	7	8	39	43	21	4	42	52	33	5	0	35	78	3	68	0	13	39	1	37	67	259	1	0	36	43	1	46	33	1	9	47	1	1
OTU_97.44791	200	0	1	49	0	1	0	0	5	6	2	0	0	8	6	0	0	4	67	84	15	14	6	3	0	3	0	0	1	0	0	0	6	0	1	0	0	0	2	1	0	0	0	0	0	1	2	13	0	0	2	0	0	1	1	0	0	5	0	0
OTU_97.44798	3	25	8	36	3	4	17	2	108	2	5	2	1	32	0	2	0	5	16	21	53	17	32	18	1	7	1	4	0	1	44	7	166	38	9	0	2	1	8	0	0	0	0	0	26	6	5	14	7	5	0	2	13	3	0	4	4	1	65	1
OTU_97.44820	46	64	38	0	1	14	14	3	4	50	7	13	5	8	0	9	4	9	2	16	6	67	2	42	12	45	0	3	7	3	2	28	4	17	10	1	1	7	26	9	1	1	11	11	2	4	3	26	0	1	1	2	2	16	14	2	3	20	0	0
OTU_97.44833	4	6	9	0	1	6	2	5	1	5	6	3	9	1	3	1	0	0	5	2	3	18	2	7	7	5	0	0	0	0	0	0	0	6	0	0	1	11	2	0	2	5	2	6	0	2	3	26	0	0	0	1	0	0	0	0	0	2	0	1
OTU_97.44851	98	1419	1071	37	102	112	9	121	51	702	72	254	32	66	0	52	3	49	26	201	27	174	81	45	39	644	224	69	46	120	16	301	3	129	102	41	2	128	287	97	19	2	215	110	5	100	112	225	11	27	17	78	21	306	229	44	25	256	1	70
OTU_97.44935	6	19	28	1	6	7	3	9	3	14	10	10	0	28	0	1	1	9	3	4	2	26	2	12	0	18	7	0	0	0	0	1	0	3	10	0	1	1	8	0	1	1	4	2	0	3	3	0	0	8	0	2	3	2	3	4	0	0	0	8
OTU_97.44941	115	264	168	41	100	418	234	319	50	445	218	299	60	1059	0	0	5	361	123	34	26	740	175	290	6	418	424	14	13	55	1	11	8	139	360	44	31	161	425	32	44	20	90	156	28	22	148	53	8	20	19	113	22	56	42	26	140	14	12	111
OTU_97.44944	23	78	68	2	3	1	4	6	4	54	7	8	1	2	0	5	4	6	0	15	2	27	8	58	1	71	8	3	11	44	2	16	1	26	17	11	0	5	55	11	6	1	31	20	2	22	43	53	0	1	4	4	3	54	18	3	1	52	0	3
OTU_97.44958	436	50	19	11	4	100	30	40	7	137	81	77	8	203	0	3	6	105	25	85	9	333	5	166	2	316	70	22	4	15	15	10	4	82	153	9	0	73	254	40	6	2	17	50	0	22	64	85	3	4	9	53	7	13	14	11	35	39	1	9
OTU_97.44981	5	3	1	1	0	4	3	2	0	3	2	2	1	0	0	0	0	7	2	3	1	27	0	8	0	2	0	0	0	1	1	0	1	3	2	0	0	0	1	1	0	0	1	5	0	0	0	9	0	0	0	7	0	1	0	0	3	0	0	4
OTU_97.44997	4	10	17	0	4	7	0	4	0	5	5	1	4	3	1	0	1	2	5	2	12	13	1	8	1	3	0	0	0	2	0	1	0	3	0	0	0	3	2	0	2	1	1	5	1	3	0	0	0	0	1	4	1	0	1	0	2	0	2	1
OTU_97.45001	4	6	29	1	5	21	10	10	2	14	10	10	10	4	6	8	0	4	11	4	16	18	5	2	0	7	0	0	1	0	0	0	0	2	0	2	0	0	0	3	0	3	4	11	1	1	1	6	0	0	1	2	1	0	7	3	0	4	1	7
OTU_97.45011	1	5	13	5	3	11	0	5	1	3	4	4	7	8	8	0	0	1	6	1	4	3	8	2	0	4	0	0	0	1	0	0	0	2	2	0	3	5	4	1	0	0	0	1	0	0	6	1	0	1	2	1	0	3	1	0	0	1	0	2
OTU_97.45028	5	5	4	0	1	2	0	2	0	5	1	2	0	0	0	0	0	3	1	3	1	8	3	0	0	11	0	1	0	2	0	0	0	0	1	32	2	2	2	1	0	2	3	3	3	1	0	1	1	4	0	0	5	4	10	7	2	1	0	24
OTU_97.45053	42	33	34	0	6	37	40	34	8	71	46	34	9	75	0	1	7	76	19	12	5	256	17	28	3	77	10	0	1	2	1	1	1	28	27	1	14	16	41	3	3	2	6	8	2	6	11	18	1	2	1	13	1	1	0	2	14	4	4	17
OTU_97.45058	2	0	0	2	1	0	1	2	0	6	2	3	0	4	1	0	2	2	1	1	0	7	2	2	3	3	58	6	1	11	0	3	2	38	1	3	0	13	33	9	3	0	6	21	0	2	4	4	0	0	1	7	0	2	14	1	2	0	0	0
OTU_97.45103	0	0	3	0	0	0	7	1	0	8	3	1	0	0	0	56	0	2	0	0	0	16	0	0	13	4	0	0	0	3	0	2	0	5	0	9	0	0	1	5	0	1	0	8	4	0	0	6	1	1	0	6	1	1	8	2	4	5	0	1
OTU_97.45120	2	3	3	0	3	2	1	0	1	5	4	1	2	0	1	1	3	1	4	0	1	3	14	0	0	3	3	1	0	2	1	1	0	3	0	2	0	11	15	14	1	3	4	50	2	5	1	0	0	0	2	35	0	2	26	1	1	0	0	0
OTU_97.45122	14	27	10	0	2	5	4	3	2	10	2	0	9	4	2	0	0	2	2	0	1	3	0	0	0	0	10	4	4	4	0	0	0	2	0	1	1	5	2	0	0	8	1	0	0	1	1	0	0	0	0	0	0	0	0	0	5	0	1	0
OTU_97.45128	4	1	0	0	2	5	3	2	0	2	8	2	4	2	0	3	2	4	0	0	0	23	2	6	2	19	5	1	1	1	0	0	0	7	0	2	4	0	1	0	0	4	1	2	8	0	1	4	2	7	0	0	2	0	0	12	6	2	0	36
OTU_97.45141	5	14	8	41	6	4	19	2	111	3	6	2	1	124	0	3	0	21	3	90	82	3	2	9	0	8	3	3	0	1	3	26	41	21	130	2	0	1	0	0	35	0	1	6	7	38	2	67	6	1	0	0	2	2	6	0	31	53	16	0
OTU_97.45143	0	21	9	0	3	7	3	10	4	10	1	15	0	22	0	3	0	11	80	2	0	14	52	6	0	14	16	15	9	12	0	13	1	1	20	8	0	77	24	20	1	0	8	24	2	20	4	0	2	6	0	26	1	4	9	1	1	32	0	0
OTU_97.45146	9	3	0	4	0	4	4	1	1	4	19	1	1	20	0	0	0	36	7	0	1	62	2	19	0	22	4	0	0	1	0	0	0	3	17	5	0	1	1	4	0	0	0	21	0	0	2	1	0	0	0	17	0	1	1	0	2	0	0	1
OTU_97.45148	33	39	32	3	2	2	3	3	5	18	38	4	42	9	0	1	1	54	11	20	3	150	3	33	0	79	7	2	0	2	0	1	0	6	4	26	2	8	15	5	0	0	2	13	2	2	3	3	0	4	0	4	3	3	14	6	15	1	1	14
OTU_97.45223	19	22	56	4	5	14	7	6	6	9	30	3	8	10	5	4	5	5	65	7	14	31	24	18	0	27	4	1	6	4	1	4	5	26	4	1	0	23	18	22	1	8	5	32	0	12	4	5	0	0	2	20	0	8	12	3	0	3	0	3
OTU_97.45246	238	245	133	12	10	224	37	179	10	58	80	38	348	81	43	9	9	15	349	76	34	139	32	136	5	173	4	0	6	8	0	2	2	5	1	1	0	107	55	4	12	26	19	63	0	94	41	339	0	0	10	23	0	12	8	4	0	21	0	6
OTU_97.45277	6	57	49	1	3	2	0	1	2	24	3	5	0	3	0	15	0	3	0	20	5	21	3	5	5	59	6	1	19	12	1	57	0	26	1	16	0	3	8	12	0	0	16	37	0	12	9	89	0	0	1	14	0	24	65	0	1	101	0	1
OTU_97.45293	6	1	0	0	0	1	2	0	0	3	9	0	0	1	0	0	1	13	3	0	1	35	0	1	0	7	0	0	0	0	0	0	0	0	1	0	0	1	3	1	0	0	0	1	1	1	1	5	0	0	1	1	0	0	0	0	0	1	0	0
OTU_97.45297	4	8	6	1	13	15	5	5	0	12	25	2	22	41	1	6	2	52	8	0	0	73	5	16	8	11	6	0	5	2	0	0	0	10	9	1	14	6	11	1	3	3	3	3	2	0	8	18	2	1	2	0	2	0	0	2	5	2	0	13
OTU_97.453	104	0	0	0	0	0	0	0	0	0	0	0	0	0	0	0	0	0	0	0	0	0	0	0	0	0	0	0	0	0	0	0	0	0	0	0	0	0	0	0	0	0	0	0	0	0	0	0	0	0	0	0	0	0	0	0	0	0	0	0
OTU_97.45307	24	28	38	2	10	25	6	12	3	9	11	9	8	2	5	1	5	3	38	7	10	17	15	7	0	32	1	0	13	3	1	1	0	10	4	4	0	15	5	7	2	1	5	16	0	8	6	1	0	0	2	9	0	10	11	2	2	0	0	0
OTU_97.45310	0	4	2	5	2	51	29	28	5	23	24	32	7	73	0	20	4	60	10	0	3	186	16	84	22	11	10	0	3	3	1	0	11	154	20	1	28	19	69	2	4	9	14	24	7	1	27	336	0	3	9	9	2	3	0	2	54	105	9	33
OTU_97.45311	3	22	24	2	6	9	5	3	2	21	14	6	3	22	0	20	1	5	0	4	2	39	4	3	8	12	18	3	4	4	0	3	1	3	2	3	6	1	10	0	2	1	5	4	4	2	6	5	0	8	0	2	1	5	1	1	5	2	1	28
OTU_97.45321	3	1	1	1	0	0	26	0	0	0	7	0	0	2	0	2	0	29	4	1	2	57	0	14	1	10	4	0	0	0	0	0	0	11	1	1	0	0	3	0	1	2	1	4	2	0	3	33	0	3	1	10	1	0	1	3	7	9	0	2
OTU_97.45328	3	5	2	3	6	51	78	29	2	53	65	9	0	154	0	0	3	89	4	0	2	100	37	17	1	17	27	0	0	7	0	0	1	22	22	4	63	19	40	1	2	28	8	5	10	1	17	6	5	28	2	12	7	1	0	6	14	3	2	59
OTU_97.45337	25	44	17	0	6	19	13	12	8	62	13	23	7	24	0	0	0	23	1	2	0	28	9	5	12	6	10	1	3	11	1	0	1	49	1	0	14	9	20	0	3	26	7	0	1	0	6	12	0	8	0	1	2	4	1	1	12	0	4	27
OTU_97.45340	0	0	5	0	4	0	0	0	0	0	3	0	0	1	0	0	0	0	0	0	0	0	1	0	2	0	3	0	1	1	0	0	0	0	1	9	0	0	0	21	0	0	0	0	32	1	0	0	7	0	1	1	0	0	13	12	2	0	0	50
OTU_97.45345	0	0	1	0	2	0	2	2	0	2	5	4	0	0	0	7	0	1	0	0	0	8	5	1	1	0	0	0	1	2	0	0	0	10	0	0	0	1	6	0	1	0	1	0	4	0	3	83	0	0	2	0	0	0	1	0	1	15	0	1
OTU_97.45358	7	12	25	2	0	7	7	0	1	2	17	0	3	1	0	0	0	2	26	4	19	37	2	12	0	15	0	0	0	2	0	0	0	4	4	2	0	3	1	4	0	5	3	15	0	3	2	2	0	1	0	5	0	3	9	0	0	0	0	2
OTU_97.45362	3	0	1	2	2	6	1	0	0	2	4	6	9	8	0	3	1	11	2	0	0	49	0	6	0	1	0	0	0	1	0	0	0	1	2	0	1	3	4	0	0	0	0	0	2	0	1	10	0	0	1	0	0	0	0	0	0	0	0	0
OTU_97.45365	523	749	1421	129	137	820	114	500	151	293	489	238	418	858	297	62	11	148	1225	307	359	491	358	445	126	608	8	8	79	38	6	52	32	149	130	12	48	288	276	77	56	81	117	177	39	223	201	368	13	15	112	79	16	185	87	50	31	424	5	82
OTU_97.45366	0	2	5	0	109	80	16	37	0	1	50	14	29	105	22	0	0	40	2	0	37	62	2	0	1	2	0	0	0	0	0	2	0	4	1	0	9	0	3	0	0	20	0	1	22	0	0	2	0	1	0	0	6	0	0	15	53	0	32	15
OTU_97.45372	14	121	123	3	10	3	0	2	7	99	12	16	1	2	0	0	0	4	1	23	2	12	5	1	0	89	6	6	1	21	0	18	0	11	6	16	0	5	13	7	0	0	1	17	1	5	1	7	2	0	0	6	0	4	18	2	1	12	0	3
OTU_97.45396	10	33	29	0	14	3	0	4	7	53	2	5	2	4	0	1	3	1	0	2	0	5	1	2	0	3	1	0	8	23	0	1	0	2	0	3	0	0	1	9	2	0	5	4	0	8	10	4	0	0	2	3	0	5	6	0	0	0	0	0
OTU_97.45398	0	4	2	0	1	1	3	0	1	4	4	1	0	2	0	0	0	3	0	1	0	19	1	3	0	3	2	0	0	1	0	0	0	2	0	27	12	1	0	5	0	0	2	6	2	0	3	1	0	2	0	4	0	1	6	3	7	0	0	13
OTU_97.45428	8	4	2	8	2	5	0	5	0	0	2	4	2	22	12	1	3	5	31	5	13	5	2	1	2	2	0	0	2	2	0	0	3	6	3	0	0	1	3	0	2	0	1	3	1	0	2	7	0	1	2	0	0	0	0	2	0	1	0	2
OTU_97.45429	82	135	291	29	43	250	44	154	24	75	218	63	106	90	73	20	6	95	269	66	83	111	56	133	15	135	6	2	67	23	4	6	2	26	24	5	47	27	38	12	12	215	22	44	20	42	29	41	16	38	15	16	41	20	9	117	22	44	6	237
OTU_97.45455	66	3	1	37	0	1	0	0	4	4	1	0	1	27	3	0	1	1	39	27	8	2	1	0	0	1	1	0	0	0	0	0	2	1	2	0	0	5	2	0	0	0	0	1	3	2	0	5	0	0	2	0	0	1	0	0	1	3	0	0
OTU_97.48	63	6	8	6	5	3	8	5	8	1	2	10	5	28	0	0	1	4	9	40	2	15	5	34	0	9	0	22	5	5	2	1	0	8	10	2	0	13	3	4	4	0	4	1	0	2	2	1	0	1	1	11	0	6	2	0	0	8	0	0
OTU_97.487	15	0	1	2	0	2	6	0	28	0	0	9	0	4	0	0	4	3	11	24	35	13	10	6	7	2	3	1	1	0	26	0	11	4	4	0	0	3	1	0	13	0	0	1	0	4	2	23	0	0	9	1	0	0	1	0	0	3	0	0
OTU_97.49	0	1	1	3	1	0	6	0	25	0	1	2	12	7	0	1	0	4	8	15	31	3	0	0	0	1	0	0	0	0	8	0	3	1	0	0	0	2	1	0	1	0	0	0	2	2	0	3	1	0	12	0	4	0	0	0	0	0	1	0
OTU_97.50	0	0	0	4	13	4	0	2	149	0	3	0	0	0	0	0	0	0	8	0	66	0	13	6	0	0	0	52	1	27	0	0	4	0	0	0	0	0	9	10	77	0	0	0	2	0	20	9	2	0	57	0	0	1	0	0	0	1	6	0
OTU_97.5031	270	3	176	3	0	38	1	43	15	25	75	2	9	100	52	2	23	3	82	66	48	80	3	57	6	23	8	0	5	9	3	3	4	126	5	0	1	145	44	3	0	0	2	18	0	9	20	91	0	0	2	12	0	12	0	0	0	0	0	0
OTU_97.5033	34	0	0	1	0	1	17	3	29	0	0	0	16	4	0	0	1	0	6	50	48	1	0	6	2	0	0	0	2	4	19	0	10	10	0	0	0	0	12	0	19	0	0	0	0	1	3	34	0	0	10	0	0	0	0	0	0	0	0	0
OTU_97.5231	0	7	0	1	9	4	0	2	7	1	1	12	9	1	0	0	0	0	0	0	1	5	0	1	0	21	0	3	0	1	0	1	1	0	14	2	0	3	7	1	0	0	4	1	0	2	0	2	0	0	0	1	1	3	0	0	0	17	1	0
OTU_97.53	3	0	1	1	2	1	48	2	25	0	1	1	3	7	0	0	5	0	24	125	9	0	0	5	1	7	1	1	0	10	24	0	8	2	0	0	0	0	6	0	10	0	0	0	1	2	3	10	0	0	32	0	0	8	0	0	0	1	1	0
OTU_97.54	0	5	4	2	2	2	2	2	0	26	0	10	0	5	0	6	0	2	0	0	0	24	10	5	0	8	9	0	1	1	0	4	0	6	7	1	7	1	7	4	0	0	4	0	1	1	0	1	0	0	2	0	0	39	6	0	0	4	0	0
OTU_97.543	22	39	43	8	1	15	0	1	2	10	2	7	1	45	0	0	0	3	31	8	3	12	19	14	0	5	1	3	7	4	0	1	0	6	3	2	0	55	18	0	0	0	4	23	0	21	12	1	0	0	1	9	0	5	4	0	0	14	0	0
OTU_97.5453	1	0	0	0	1	3	0	1	0	0	0	0	5	7	45	0	1	0	2	1	3	0	0	0	0	0	0	0	0	9	4	0	1	1	0	0	0	0	0	3	1	0	2	1	0	1	1	1	0	0	33	0	0	0	0	0	0	0	0	0
OTU_97.55	0	0	2	0	1	1	16	9	7	0	0	1	1	3	0	0	1	0	0	5	4	0	0	1	1	3	0	7	0	0	2	0	10	1	0	0	0	1	2	0	8	1	5	0	0	0	0	5	0	0	3	0	1	0	0	0	0	0	0	0
OTU_97.557	0	0	6	3	5	0	6	0	14	0	0	0	0	0	0	0	0	0	3	9	17	2	39	4	10	25	0	6	2	1	0	3	4	0	0	0	0	3	6	0	12	0	7	0	1	0	1	10	0	1	4	2	0	14	1	0	0	7	0	0
OTU_97.56	17	0	2	0	2	0	3	1	13	0	0	2	0	15	0	0	0	1	3	2	1	2	0	2	4	5	0	1	0	3	8	0	0	0	0	0	0	0	0	1	0	0	2	0	0	0	0	0	0	0	4	0	0	2	1	0	0	3	0	0
OTU_97.57	11	13	36	0	0	9	0	0	0	8	5	0	2	2	0	0	0	0	1	0	0	1	0	1	0	4	6	1	1	0	0	0	0	2	3	1	0	1	13	4	1	1	4	4	0	0	16	2	0	0	0	1	0	1	2	1	0	1	0	0
OTU_97.5783	16	0	1	8	0	0	3	0	0	1	4	0	0	0	3	0	1	15	17	4	16	3	2	14	0	0	0	0	0	5	0	0	0	2	3	1	0	2	0	1	6	0	1	0	0	0	2	2	0	0	3	1	0	2	2	2	0	3	1	0
OTU_97.59	0	0	4	0	2	6	12	15	0	0	0	2	0	0	0	0	0	0	0	0	23	0	2	0	1	0	0	2	1	3	0	0	21	0	0	0	0	0	0	0	7	0	0	0	0	4	2	6	0	0	22	0	0	0	0	0	0	0	0	0
OTU_97.6	36	0	3	11	0	3	1	4	0	1	0	6	0	4	4	1	3	10	25	3	5	1	6	5	3	2	0	2	4	3	0	0	0	11	4	0	2	9	1	0	4	0	2	0	0	0	2	21	0	0	6	0	0	4	0	2	1	16	0	0
OTU_97.60	28	0	3	8	0	0	11	2	18	0	0	1	0	5	0	0	4	0	4	9	1	0	0	0	3	2	1	0	0	1	5	0	8	1	0	0	0	0	1	1	4	0	0	0	0	1	1	3	1	0	7	0	0	0	0	0	0	0	0	0
OTU_97.62	26	0	1	8	0	2	10	3	104	1	0	3	6	14	1	0	1	0	25	66	43	1	0	4	5	18	2	1	0	0	55	0	53	1	7	0	0	4	4	5	19	0	2	0	1	11	2	35	0	0	21	4	0	4	0	0	0	3	1	0
OTU_97.6351	0	4	1	0	8	1	0	0	3	1	2	13	3	1	0	0	0	0	0	0	1	2	7	2	1	8	2	10	2	6	0	0	1	0	3	0	0	1	9	8	0	0	15	3	3	1	1	1	0	0	0	1	0	1	3	0	0	4	0	0
OTU_97.6368	15	3	31	2	0	2	0	1	1	4	13	0	1	16	1	0	0	1	11	5	5	20	0	2	0	2	0	0	0	0	0	0	0	3	0	0	0	0	0	0	0	0	0	1	0	0	0	1	0	0	0	1	0	0	0	0	0	0	0	0
OTU_97.6559	30	1	4	7	0	3	7	3	9	5	3	3	3	115	0	0	0	6	5	23	4	9	0	21	0	2	0	2	7	1	0	1	0	1	2	1	1	5	3	0	4	0	2	0	0	0	3	2	0	0	1	0	0	1	0	0	0	19	0	0
OTU_97.7102	6	10	20	4	1	15	0	3	1	5	5	5	1	4	0	0	1	1	7	3	3	20	10	3	0	0	0	2	0	0	0	0	0	2	2	0	0	37	11	2	1	0	0	19	1	7	2	1	0	0	0	5	0	3	5	0	0	5	0	0
OTU_97.7163	0	0	19	0	5	0	0	0	0	0	2	0	0	12	0	7	0	0	0	0	0	0	4	0	1	0	1	0	1	0	0	2	0	0	4	3	0	0	0	19	0	0	0	0	4	1	0	0	2	0	1	3	0	0	12	5	1	1	0	11
OTU_97.7260	0	11	1	2	10	4	0	2	13	2	1	7	3	0	0	0	0	0	0	0	1	4	1	0	0	13	0	6	0	5	0	0	1	1	11	0	0	2	11	3	0	0	2	1	1	1	0	3	0	0	0	1	0	0	2	0	0	11	0	0
OTU_97.73	34	0	0	4	0	1	9	0	13	0	1	5	0	4	0	0	3	6	26	64	40	7	8	11	0	4	4	5	1	2	4	1	4	4	9	0	0	5	1	0	20	0	2	1	1	8	2	9	0	0	6	0	0	2	1	0	0	0	0	0
OTU_97.7385	20	3	6	0	12	0	1	0	11	0	0	1	1	5	0	0	0	0	0	1	0	1	1	0	1	1	1	5	6	2	5	9	1	30	0	2	0	2	5	0	1	0	3	0	0	0	1	0	0	0	0	0	0	2	0	0	0	0	0	0
OTU_97.741	10	0	0	10	0	6	0	1	1	0	0	12	15	4	18	0	1	3	8	2	10	1	3	0	2	0	0	0	11	0	0	0	1	3	3	0	0	0	1	0	3	0	0	0	0	0	2	4	0	0	3	0	0	0	2	0	0	5	0	0
OTU_97.772	0	14	4	0	1	2	2	0	25	3	0	10	0	13	0	0	0	0	0	3	0	2	0	0	0	13	2	0	1	2	0	2	0	0	2	1	0	10	21	5	2	0	6	0	0	6	3	0	0	0	0	0	0	2	3	0	0	3	0	0
OTU_97.7846	9	0	0	18	0	2	6	3	52	0	0	2	18	11	0	0	0	0	11	31	28	1	0	1	4	7	17	17	1	0	21	0	42	1	2	0	0	0	0	0	6	0	1	0	1	3	2	8	0	0	9	0	0	4	0	0	0	0	10	0
OTU_97.8114	1	2	0	0	2	1	3	0	15	0	0	7	1	16	0	0	0	0	0	17	7	0	4	5	0	2	0	3	1	1	0	4	6	0	2	0	0	1	5	2	0	0	0	0	0	2	0	0	0	0	1	1	0	0	0	0	0	0	1	0
OTU_97.8165	14	0	0	8	0	1	1	0	0	0	4	2	1	0	1	2	2	12	17	2	7	3	1	10	0	1	0	1	0	3	0	0	0	5	2	2	0	4	0	0	1	0	0	1	0	0	1	1	0	0	1	1	0	5	1	0	1	1	0	0
OTU_97.82	38	0	0	3	0	0	16	7	26	0	0	7	25	7	2	0	3	0	3	80	31	0	2	2	2	2	1	0	0	2	11	0	13	8	0	0	0	0	21	0	18	0	0	0	0	0	2	2	0	0	10	0	0	2	0	0	0	0	0	0
OTU_97.8354	13	0	1	0	0	4	0	2	0	1	2	5	0	5	0	0	1	1	16	89	1	2	0	9	0	16	0	0	1	0	0	0	0	3	7	1	0	8	1	1	0	0	0	0	0	0	2	1	0	0	4	1	0	9	1	0	0	3	0	0
OTU_97.8528	0	0	0	0	0	0	0	0	17	0	0	0	0	0	0	0	0	0	0	0	0	0	0	0	0	0	2	0	0	0	0	10	0	0	0	0	0	0	0	0	0	0	0	0	0	0	0	0	0	0	0	0	0	0	0	0	0	153	0	0
OTU_97.88	24	5	9	0	8	7	11	5	41	0	0	26	4	50	0	4	0	1	7	38	12	23	16	4	2	8	0	13	4	6	0	0	0	3	5	2	0	0	1	4	10	0	4	6	1	6	6	15	1	0	1	8	0	6	1	0	0	22	0	0
OTU_97.8873	29	5	21	5	19	17	6	12	4	1	19	4	1	26	12	1	4	21	33	20	9	24	15	2	0	9	0	1	1	1	1	1	0	4	9	0	4	14	3	2	1	0	2	0	1	1	6	1	0	0	0	1	1	1	6	0	12	0	0	0
OTU_97.899	30	57	66	109	0	0	0	0	0	19	3	7	0	66	10	0	0	37	413	0	0	1	24	0	0	0	1	0	10	0	0	0	3	9	0	1	0	2	0	0	0	1	0	0	0	0	3	0	0	0	2	0	0	0	9	0	0	19	0	0
OTU_97.903	0	0	0	0	0	0	0	16	0	0	0	0	0	0	0	0	0	0	0	0	0	0	0	0	0	0	0	0	0	8	0	0	22	0	0	0	0	0	0	0	5	0	2	0	0	0	2	10	45	0	1	0	0	0	0	0	0	0	0	0
OTU_97.913	0	0	3	0	4	0	5	1	15	2	0	2	2	4	1	0	0	2	0	13	15	1	5	0	1	0	4	5	1	2	0	3	1	1	1	0	0	0	7	4	1	0	1	1	1	5	0	3	0	0	1	2	0	0	0	0	0	0	0	0
OTU_97.92	0	4	1	0	4	2	12	0	17	2	0	6	0	17	0	4	0	2	0	18	4	8	23	8	4	13	4	3	2	0	0	1	0	0	1	1	1	3	1	7	1	0	4	8	2	6	2	2	0	1	0	1	0	3	2	0	0	5	0	0
OTU_97.920	0	61	9	4	10	4	0	5	4	16	0	1	0	5	0	0	0	0	6	22	1	8	1	2	0	28	1	0	0	1	0	1	0	0	1	0	1	2	0	2	0	0	2	1	1	0	0	0	0	3	0	3	1	0	3	1	1	2	0	0
OTU_97.939	7	3	6	2	1	0	1	0	2	0	4	1	0	1	0	5	3	6	23	16	6	14	1	2	3	2	0	0	10	2	11	25	24	38	1	1	0	5	2	1	1	0	1	0	2	1	1	62	0	0	0	2	0	1	9	1	0	58	0	1
OTU_97.9740	48	1	2	2	1	1	6	1	18	1	2	4	0	38	0	0	1	1	7	8	1	1	2	16	0	15	2	6	1	1	14	2	1	9	1	0	0	3	3	1	0	0	2	0	0	3	1	0	0	0	2	1	0	2	1	0	0	1	0	0
